gene	cluster1	GeneID
1	ABHD16A	12	7920
2	ABI1	15	10006
3	ACAN	3	176
4	ACKR2	3	1238
5	ACTG2	8	72
6	ACTN2	8	88
7	ADAM12	15	8038
8	ADAM15	15	8751
9	ADAM17	15	6868
10	ADD2	9	119
11	ADGRB2	1	576
12	ADRB2	20	154
13	AES	3	166
14	AFAP1	6	60312
15	AGTR1	20	185
16	AHR	2	196
17	AKT2	2	208
18	ANAPC4	6	29945
19	ANXA11	2	311
20	ANXA5	19	308
21	APAF1	2	317
22	APBB1	3	322
23	APRT	12	353
24	AQR	13	9716
25	ARHGAP1	1	392
26	ARHGAP31	4	57514
27	ARHGAP32	4	9743
28	ARID3A	2	1820
29	ARL15	7	54622
30	ARNT2	2	9915
31	ASAP2	15	8853
32	ASB6	4	140459
33	ASB7	7	140460
34	ASIC3	9	9311
35	ATF6	10	22926
36	ATF7IP	15	55729
37	ATG16L1	4	55054
38	ATP2B4	4	493
39	AURKA	11	6790
40	AURKB	11	9212
41	B4GALT3	7	8703
42	BAG1	1	573
43	BANF1	12	8815
44	BAP1	14	8314
45	BBS1	7	582
46	BCAR3	10	8412
47	BCL11B	4	64919
48	BCL6	2	604
49	BCOR	2	54880
50	BET1L	4	51272
51	BEX3	10	27018
52	BID	2	637
53	BIN1	15	274
54	BLK	5	640
55	BMP2	19	650
56	BMS1	12	9790
57	BRCA1	14	672
58	BRCA2	14	675
59	BRIP1	14	83990
60	BTAF1	13	9044
61	BUB1	11	699
62	BYSL	12	705
63	C1D	12	10438
64	C8B	3	732
65	CABLES1	14	91768
66	CACNA1A	2	773
67	CAD	2	790
68	CAMK2A	8	815
69	CAPNS1	10	826
70	CAPZA1	12	829
71	CASP14	2	23581
72	CASP8	2	841
73	CBFA2T2	10	9139
74	CBLL1	6	79872
75	CCDC90B	9	60492
76	CCL13	3	6357
77	CCL2	3	6347
78	CCL5	3	6352
79	CCL7	3	6354
80	CCNA1	14	8900
81	CCNA2	14	890
82	CCNE1	14	898
83	CD1D	19	912
84	CD2	5	914
85	CD22	4	933
86	CD244	5	51744
87	CD247	5	919
88	CD3EAP	13	10849
89	CD3G	5	917
90	CD48	5	962
91	CD5	5	921
92	CD53	5	963
93	CD6	5	923
94	CD72	5	971
95	CD74	19	972
96	CD79B	5	974
97	CD80	4	941
98	CD86	4	942
99	CD8A	5	925
100	CD8B	5	926
101	CDC25A	14	993
102	CDC25C	14	995
103	CDC26	6	246184
104	CDC34	7	997
105	CDC37	2	11140
106	CDC42EP1	9	11135
107	CDC42EP4	4	23580
108	CDC6	14	990
109	CDC7	14	8317
110	CDCA5	11	113130
111	CDCA8	11	55143
112	CDH1	6	999
113	CDK14	4	5218
114	CDK17	4	5128
115	CDK19	1	23097
116	CDK5RAP3	3	80279
117	CDKN3	14	1033
118	CELF3	6	11189
119	CENPH	11	64946
120	CENPI	11	2491
121	CENPK	11	64105
122	CENPM	11	79019
123	CENPN	11	55839
124	CENPP	11	401541
125	CENPT	11	80152
126	CENPW	11	387103
127	CEP152	9	22995
128	CEP72	9	55722
129	CEP76	9	79959
130	CEP89	9	84902
131	CHAF1B	18	8208
132	CHEK1	14	1111
133	CHMP1A	10	5119
134	CHMP7	12	91782
135	CHN1	4	1123
136	CHRD	19	8646
137	CHRM4	2	1132
138	CLIC4	12	25932
139	CLSPN	14	63967
140	CLTB	15	1212
141	CLU	3	1191
142	CNKSR1	4	10256
143	CNR1	20	1268
144	CNTN2	2	6900
145	COG4	16	25839
146	COG5	16	10466
147	COG8	16	84342
148	COL2A1	19	1280
149	COL5A1	19	1289
150	COMMD2	2	51122
151	COPS4	13	51138
152	COTL1	12	23406
153	CPLX1	16	10815
154	CRCP	13	27297
155	CREBZF	10	58487
156	CRHR1	20	1394
157	CRTC2	2	200186
158	CRX	12	1406
159	CRY1	2	1407
160	CRYZ	12	1429
161	CSE1L	6	1434
162	CSF3R	4	1441
163	CSPG4	9	1464
164	CTDSP1	10	58190
165	CTGF	3	1490
166	CTLA4	4	1493
167	CUL2	7	8453
168	CUL4A	13	8451
169	CUL4B	13	8450
170	CUTA	12	51596
171	CUX1	14	1523
172	CWC27	13	10283
173	CXCL9	3	4283
174	CXCR2	9	3579
175	CYCS	4	54205
176	DACH1	10	1602
177	DAPK1	2	1612
178	DARS	2	1615
179	DAXX	2	1616
180	DBF4	14	10926
181	DCAF4	13	26094
182	DCLRE1B	14	64858
183	DCLRE1C	14	64421
184	DDOST	3	1650
185	DDX17	9	10521
186	DDX20	5	11218
187	DDX3X	1	1654
188	DDX56	12	54606
189	DEK	2	7913
190	DERL1	7	79139
191	DERL2	7	51009
192	DES	8	1674
193	DET1	7	55070
194	DGKD	12	8527
195	DHX37	12	57647
196	DIMT1	1	27292
197	DLGAP2	1	9228
198	DMC1	14	11144
199	DNAAF5	5	54919
200	DNAH2	5	146754
201	DNAJB9	11	4189
202	DNAJC6	15	9829
203	DNMT3A	18	1788
204	DNMT3L	18	29947
205	DOCK1	15	1793
206	DOCK3	15	1795
207	DPEP1	15	1800
208	DPP4	3	1803
209	DRG1	10	4733
210	DSCC1	13	79075
211	DSN1	11	79980
212	DTL	13	51514
213	DUSP3	12	1845
214	DYNC1I1	5	1780
215	DYNLT3	5	6990
216	E2F1	14	1869
217	E2F2	2	1870
218	ECH1	12	1891
219	ECM1	3	1893
220	EDA	3	1896
221	EDF1	2	8721
222	EEF1A2	2	1917
223	EFNA4	5	1945
224	EFNA5	5	1946
225	EHMT1	2	79813
226	EIF1AX	12	1964
227	EIF2AK1	4	27102
228	EIF2AK3	2	9451
229	EIF4E2	12	9470
230	EIF4G1	12	1981
231	EIF5B	12	9669
232	ELAVL2	13	1993
233	ELF4	10	2000
234	ELN	3	2006
235	EPAS1	7	2034
236	EPB41L1	1	2036
237	EPHA10	5	284656
238	EPHA6	5	285220
239	EPHA8	5	2046
240	EPN2	15	22905
241	EPOR	4	2057
242	EPS8	15	2059
243	ERBB2	2	2064
244	ERC1	16	23085
245	ERCC6	13	2074
246	ESR2	6	2100
247	ESRRG	1	2104
248	ETHE1	12	23474
249	EXOC1	6	55763
250	EXOC5	6	10640
251	EXOC8	6	149371
252	EXOSC4	12	54512
253	EXOSC7	12	23016
254	F12	3	2161
255	F13A1	15	2162
256	FADD	2	8772
257	FANCD2	14	2177
258	FANCE	14	2178
259	FBLN1	3	2192
260	FBN2	3	2201
261	FBXO3	4	26273
262	FBXO4	10	26272
263	FBXW11	7	23291
264	FBXW7	7	55294
265	FER	16	2241
266	FGA	15	2243
267	FGB	15	2244
268	FGF13	3	2258
269	FIP1L1	13	81608
270	FLNB	15	2317
271	FMR1	1	2332
272	FNBP1L	15	54874
273	FURIN	3	5045
274	FXR2	1	9513
275	GABRB2	20	2561
276	GALR1	20	2587
277	GALR3	20	8484
278	GANAB	7	23193
279	GART	12	2618
280	GATA3	10	2625
281	GCC2	16	9648
282	GCLM	12	2730
283	GEMIN5	5	25929
284	GEMIN7	5	79760
285	GH1	4	2688
286	GHSR	20	2693
287	GJA3	6	2700
288	GKAP1	1	80318
289	GLI2	7	2736
290	GLS2	8	27165
291	GNA12	20	2768
292	GNAO1	20	2775
293	GNAS	20	2778
294	GNAT3	20	346562
295	GNB2	20	2783
296	GNG13	20	51764
297	GNG3	20	2785
298	GNG7	20	2788
299	GNGT1	20	2792
300	GOLGA1	16	2800
301	GOLM1	5	51280
302	GPC3	3	2719
303	GPR84	20	53831
304	GPSM2	20	29899
305	GRAP	4	10750
306	GRIA1	9	2890
307	GRIA2	9	2891
308	GRIA3	9	2892
309	GRIK2	9	2898
310	GRIN2A	8	2903
311	GRIN3A	8	116443
312	GRIPAP1	7	56850
313	GRPR	20	2925
314	GSPT1	12	2935
315	GTF2E2	13	2961
316	GTF2H4	13	2968
317	GTF2H5	13	404672
318	GTF2IRD1	12	9569
319	GTSE1	11	51512
320	GYS1	9	2997
321	GZMA	6	3001
322	H2AFJ	18	55766
323	HACD3	3	51495
324	HAP1	17	9001
325	HAUS2	9	55142
326	HAUS6	11	54801
327	HBEGF	1	1839
328	HDAC6	2	10013
329	HEATR1	12	55127
330	HECTD2	7	143279
331	HERC2	18	8924
332	HERC4	7	26091
333	HERC6	7	55008
334	HEXIM1	20	10614
335	HIF3A	7	64344
336	HIPK1	2	204851
337	HIPK2	2	28996
338	HIST1H2AA	18	221613
339	HIST1H2BA	18	255626
340	HIST1H2BC	12	8347
341	HIST1H2BH	18	8345
342	HIST1H3B	18	8358
343	HIST1H3C	18	8352
344	HIST1H3H	18	8357
345	HIST1H3I	18	8354
346	HIST1H3J	18	8356
347	HIST1H4A	2	8359
348	HIST1H4C	2	8364
349	HIST1H4D	2	8360
350	HIST3H2A	18	92815
351	HLA-DMB	19	3109
352	HLA-DRA	19	3122
353	HLA-G	5	3135
354	HMGA1	7	3159
355	HNRNPH1	2	3187
356	HNRNPUL1	9	11100
357	HR	1	55806
358	HSBP1	2	3281
359	HSF1	2	3297
360	HSF2	18	3298
361	HSP90AA2P	2	3324
362	HSPA1L	2	3305
363	HSPA2	2	3306
364	HTR1A	20	3350
365	HTR1B	20	3351
366	HTR1E	20	3354
367	HTR5A	20	3361
368	HTR6	20	3362
369	HUS1	14	3364
370	IFITM1	12	8519
371	IFNGR2	19	3460
372	IGHG1	3	3500
373	IGSF21	12	84966
374	IKZF1	10	10320
375	IL7	4	3574
376	INCA1	14	388324
377	INCENP	11	3619
378	ING3	8	54556
379	IPO13	12	9670
380	ISG15	13	9636
381	ITGA3	15	3675
382	ITGB3	15	3690
383	ITPKA	8	3706
384	KATNB1	4	10300
385	KCNA2	4	3737
386	KCNAB2	4	8514
387	KCNB1	4	3745
388	KCND2	4	3751
389	KCTD12	12	115207
390	KCTD5	7	54442
391	KHDRBS3	9	10656
392	KHSRP	2	8570
393	KIF11	10	3832
394	KIF1B	1	23095
395	KIF20A	11	10112
396	KIF23	11	9493
397	KIF2A	11	3796
398	KIF2B	11	84643
399	KIF2C	11	11004
400	KIF4A	2	24137
401	KIF5A	10	3798
402	KIF5B	10	3799
403	KLHL1	4	57626
404	KLHL12	7	59349
405	KLRC3	5	3823
406	KLRD1	5	3824
407	KMT5A	2	387893
408	KPNA4	6	3840
409	KPNA6	6	23633
410	KRT1	3	3848
411	KTN1	10	3895
412	LAMA2	15	3908
413	LAMA4	15	3910
414	LAMB2	15	3913
415	LAMC1	15	3915
416	LAPTM5	15	7805
417	LASP1	9	3927
418	LATS1	4	9113
419	LDLR	3	3949
420	LDLRAP1	3	26119
421	LEPROT	15	54741
422	LGALS1	5	3956
423	LILRB2	5	10288
424	LIMS1	4	3987
425	LIN7A	12	8825
426	LIPE	9	3991
427	LMNB1	6	4001
428	LMO4	14	8543
429	LMOD1	8	25802
430	LNX1	9	84708
431	LPAR3	20	23566
432	LRP1	3	4035
433	LRP2	3	4036
434	LRP8	3	7804
435	LTBP1	3	4052
436	LTBP3	1	4054
437	LUC7L2	17	51631
438	LYL1	10	4066
439	LZTS2	6	84445
440	MAD2L1BP	12	9587
441	MAD2L2	15	10459
442	MAGT1	3	84061
443	MAP1B	4	4131
444	MAP2	6	4133
445	MAP2K7	3	5609
446	MAP3K2	3	10746
447	MAP3K7	2	6885
448	MAPK8IP2	3	23542
449	MAPK8IP3	3	23162
450	MAPRE1	11	22919
451	MARK2	2	2011
452	MATN2	3	4147
453	MATR3	2	9782
454	MCAM	15	4162
455	MCC	12	4163
456	MCHR2	20	84539
457	MCM10	14	55388
458	MCM8	14	84515
459	MDM4	14	4194
460	MED1	1	5469
461	MED12	1	9968
462	MED18	1	54797
463	MED24	1	9862
464	MED29	1	55588
465	MEGF10	4	84466
466	METAP2	6	10988
467	MFAP5	3	8076
468	MGA	14	23269
469	MGMT	9	4255
470	MIS18A	11	54069
471	MMP1	3	4312
472	MMP3	3	4314
473	MOAP1	4	64112
474	MORF4L2	8	9643
475	MPDU1	8	9526
476	MPP6	12	51678
477	MPZL1	12	9019
478	MRFAP1	8	93621
479	MRM3	7	55178
480	MRPL32	17	64983
481	MRPL4	17	51073
482	MRPL41	17	64975
483	MRPL55	17	128308
484	MRPS21	17	54460
485	MRPS5	17	64969
486	MSH2	14	4436
487	MSH3	14	4437
488	MSH4	14	4438
489	MTHFD1	12	4522
490	MTHFD1L	12	25902
491	MTIF2	17	4528
492	MTNR1A	11	4543
493	MTOR	2	2475
494	MX1	13	4599
495	MXI1	10	4601
496	MYBL2	14	4605
497	MYL1	8	4632
498	MYL4	8	4635
499	MYL5	8	4636
500	MYOZ2	8	51778
501	NAE1	10	8883
502	NAGPA	3	51172
503	NAP1L5	17	266812
504	NAPA	4	8775
505	NAPG	4	8774
506	NBN	14	4683
507	NCAPD2	18	9918
508	NCAPG	18	64151
509	NCAPH	18	23397
510	NCAPH2	18	29781
511	NCKAP1	15	10787
512	NCOR1	10	9611
513	NDE1	11	54820
514	NELFB	14	25920
515	NFE2	10	4778
516	NFKB2	2	4791
517	NFKBIB	13	4793
518	NFYB	2	4801
519	NGLY1	7	55768
520	NIPSNAP3A	5	25934
521	NKIRAS1	4	28512
522	NKX2-1	2	7080
523	NLGN4X	1	57502
524	NLK	2	51701
525	NMUR1	20	10316
526	NONO	1	4841
527	NPAS2	2	4862
528	NPFFR1	20	64106
529	NPHP1	15	4867
530	NPY1R	20	4886
531	NPY2R	20	4887
532	NR1I2	1	8856
533	NR4A1	1	3164
534	NR5A1	2	2516
535	NR5A2	2	2494
536	NRCAM	2	4897
537	NRXN3	1	9369
538	NTRK1	4	4914
539	NUAK1	2	9891
540	NUF2	11	83540
541	NUP153	12	9972
542	NUP155	12	9631
543	OBSCN	8	84033
544	OGG1	14	4968
545	OPRK1	20	4986
546	ORC1	14	4998
547	ORC2	14	4999
548	ORC3	14	23595
549	ORC5	14	5001
550	ORC6	14	23594
551	OXSR1	4	9943
552	PACSIN1	15	29993
553	PAFAH1B2	12	5049
554	PAFAH1B3	12	5050
555	PAIP1	7	10605
556	PAK3	14	5063
557	PAPOLA	13	10914
558	PCBD1	1	5092
559	PCBP4	6	57060
560	PCF11	13	51585
561	PDCD5	12	9141
562	PDCD6	2	10016
563	PDS5A	11	23244
564	PEA15	2	8682
565	PER3	2	8863
566	PF4	3	5196
567	PFKFB3	7	5209
568	PFKM	12	5213
569	PHC2	9	1912
570	PHF21A	10	51317
571	PICALM	15	8301
572	PIK3CG	5	5294
573	PIK3R5	5	23533
574	PIM1	14	5292
575	PINX1	12	54984
576	PKIA	9	5569
577	PLCB3	20	5331
578	PLEC	6	5339
579	PLK1	11	5347
580	PLK4	11	10733
581	PLXNA4	14	91584
582	PNKP	5	11284
583	POLA1	13	5422
584	POLD3	13	10714
585	POLR1E	13	64425
586	POLR2H	13	5437
587	POLR2J	13	5439
588	POLR3B	13	55703
589	PON1	3	5444
590	POU1F1	1	5449
591	PPFIA1	16	8500
592	PPFIA2	16	8499
593	PPP1CB	9	5500
594	PPP2R2C	9	5522
595	PPP2R3A	9	5523
596	PPP3R1	9	5534
597	PPP5C	6	5536
598	PPWD1	13	23398
599	PRKACA	9	5566
600	PRKAR2B	9	5577
601	PRKCG	6	5582
602	PRLR	4	5618
603	PRPF8	13	10594
604	PRPH2	6	5961
605	PSEN2	15	5664
606	PSPC1	1	55269
607	PTCD3	17	55037
608	PTGDR	20	5729
609	PTGFR	20	5737
610	PTPN14	6	5784
611	PTPN22	5	26191
612	PTPRJ	5	5795
613	QARS	2	5859
614	RAB10	11	10890
615	RAB11FIP4	4	84440
616	RAB11FIP5	4	26056
617	RAB2A	12	5862
618	RAB3A	16	5864
619	RAB5B	15	5869
620	RAB6B	16	51560
621	RAB7A	12	7879
622	RACGAP1	11	29127
623	RAD1	14	5810
624	RAD23A	13	5886
625	RAD51	14	5888
626	RAD54L	14	8438
627	RAD9B	14	144715
628	RALGDS	4	5900
629	RARS	2	5917
630	RASGRF1	9	5923
631	RASGRP3	9	25780
632	RASSF1	4	11186
633	RAVER1	8	125950
634	RB1CC1	1	9821
635	RBBP5	13	5929
636	RBBP6	7	5930
637	RBFOX1	6	54715
638	RBFOX2	6	23543
639	RBPJ	7	3516
640	RCOR1	10	23186
641	RDX	20	5962
642	REST	10	5978
643	REV1	13	51455
644	RFC2	13	5982
645	RFC4	13	5984
646	RFX5	10	5993
647	RGS16	20	6004
648	RGS3	8	5998
649	RHOBTB1	4	9886
650	RHOD	4	29984
651	RHOH	4	399
652	RHPN2	4	85415
653	RIC8B	3	55188
654	RIOK1	12	83732
655	RIPK1	2	8737
656	RLF	4	6018
657	RMI1	14	80010
658	RND2	11	8153
659	RNF111	7	54778
660	RNF138	6	51444
661	RNF19A	7	25897
662	RNF217	7	154214
663	RNMT	6	8731
664	RNU12-2P	13	26823
665	RPL10L	12	140801
666	RPL27A	12	6157
667	RPS6	12	6194
668	RPS6KA2	1	6196
669	RPS6KA3	1	6197
670	RRAD	14	6236
671	RTCA	12	8634
672	RUNX1	10	861
673	RYR2	9	6262
674	S1PR1	20	1901
675	SAP30L	10	79685
676	SAR1A	12	56681
677	SCAF1	3	58506
678	SCAF11	5	9169
679	SCRIB	20	23513
680	SDC3	14	9672
681	SDC4	3	6385
682	SEC31A	2	22872
683	SEL1L	7	6400
684	SELENOP	3	6414
685	SELP	3	6403
686	SELPLG	3	6404
687	SEMA3A	14	10371
688	SEMA3F	8	6405
689	SEPSECS	5	51091
690	SEPT1	11	1731
691	SEPT2	4	4735
692	SEPT5	4	5413
693	SERINC3	3	10955
694	SERPINB8	3	5271
695	SET	6	6418
696	SETD7	18	80854
697	SF1	9	7536
698	SF3B1	13	23451
699	SF3B3	13	23450
700	SGO2	6	151246
701	SH2B2	4	10603
702	SH2B3	5	10019
703	SH2D1A	5	4068
704	SH3D19	15	152503
705	SH3GL1	15	6455
706	SH3GL2	15	6456
707	SH3GL3	15	6457
708	SH3RF1	2	57630
709	SHANK1	1	50944
710	SHANK2	1	22941
711	SHB	15	6461
712	SHBG	8	6462
713	SIK1	2	150094
714	SIK2	2	23235
715	SIN3B	10	23309
716	SKA1	11	220134
717	SKA2	11	348235
718	SKA3	11	221150
719	SKIV2L	12	6499
720	SLA	5	6503
721	SLAMF1	5	6504
722	SLAMF6	5	114836
723	SLAMF7	5	57823
724	SLC12A2	4	6558
725	SLC25A23	6	79085
726	SLC25A3	2	5250
727	SLC38A2	18	54407
728	SLC40A1	5	30061
729	SLC9A3	1	6550
730	SLC9A3R2	20	9351
731	SMAD6	4	4091
732	SMC4	18	10051
733	SNCA	4	6622
734	SNRPN	13	6638
735	SNUPN	12	10073
736	SNX4	15	8723
737	SOCS2	4	8835
738	SOCS3	4	9021
739	SORBS2	1	8470
740	SORL1	3	6653
741	SP4	2	6671
742	SPARC	19	6678
743	SPC25	11	57405
744	SPDL1	11	54908
745	SPNS1	5	83985
746	SPP1	3	6696
747	SPTA1	6	6708
748	SPTB	6	6710
749	SQSTM1	4	8878
750	SRFBP1	4	153443
751	SRP19	12	6728
752	SRP54	12	6729
753	SRP72	12	6731
754	SRPRB	3	58477
755	SSTR3	20	6753
756	SSTR5	20	6755
757	STAG1	11	10274
758	STAT5B	4	6777
759	STK4	4	6789
760	STOM	9	2040
761	STON2	16	85439
762	STRAP	4	11171
763	STX11	18	8676
764	STX8	4	9482
765	STYXL1	3	51657
766	SUB1	2	10923
767	SUFU	7	51684
768	SVIL	17	6840
769	SYF2	13	25949
770	SYT1	16	6857
771	SYT4	16	6860
772	SYVN1	7	84447
773	TAAR1	20	134864
774	TAAR5	20	9038
775	TAAR6	20	319100
776	TAAR8	20	83551
777	TADA2B	18	93624
778	TAF12	18	6883
779	TAF15	9	8148
780	TAF1A	13	9015
781	TAF6L	18	10629
782	TAL1	10	6886
783	TAX1BP1	1	8887
784	TBCB	13	1155
785	TBL3	12	10607
786	TCAP	8	8557
787	TEAD3	10	7005
788	TEP1	2	7011
789	TERT	2	7015
790	TFAP2A	3	7020
791	TFE3	7	7030
792	TG	3	7038
793	TGFBR1	4	7046
794	THOC2	13	57187
795	THOC5	13	8563
796	TIMELESS	14	8914
797	TIMM13	7	26517
798	TIPIN	14	54962
799	TJP1	6	7082
800	TK1	9	7083
801	TKT	12	7086
802	TMBIM4	3	51643
803	TMF1	16	7110
804	TMLHE	1	55217
805	TNFAIP6	3	7130
806	TNFRSF8	2	943
807	TNFSF8	2	944
808	TNNC2	8	7125
809	TNNT1	8	7138
810	TNNT2	8	7139
811	TNNT3	8	7140
812	TOMM34	2	10953
813	TOP2A	6	7153
814	TOP2B	6	7155
815	TOP3A	14	7156
816	TP53BP2	10	7159
817	TP73	2	7161
818	TPX2	11	22974
819	TRADD	2	8717
820	TRAT1	5	50852
821	TRIB3	2	57761
822	TRIM11	7	81559
823	TRIM4	7	89122
824	TRIM41	7	90933
825	TRMT112	12	51504
826	TSHR	20	7253
827	TSR1	12	55720
828	TTC1	20	7265
829	TTF2	2	8458
830	TTN	8	7273
831	TUBA8	13	51807
832	TUBGCP2	11	10844
833	TUBGCP3	11	10426
834	TXK	4	7294
835	TXNL4A	13	10907
836	UBA2	12	10054
837	UBAC1	15	10422
838	UBE2E2	7	7325
839	UBE2U	7	148581
840	UBE2V2	12	7336
841	UBOX5	7	22888
842	UBR1	7	197131
843	UBR2	7	23304
844	UBR5	7	51366
845	UBTF	13	7343
846	UBXN1	7	51035
847	UCHL1	12	7345
848	UNC13B	16	10497
849	UNC13D	9	201294
850	UPF1	12	5976
851	UPF3A	12	65110
852	USP13	15	8975
853	USP6NL	15	9712
854	USP7	13	7874
855	USP8	9	9101
856	UTP3	12	57050
857	UTS2R	20	2837
858	VCAN	3	1462
859	VDR	1	7421
860	VLDLR	3	7436
861	VPREB1	5	7441
862	VPS11	4	55823
863	VPS4B	10	9525
864	VPS51	16	738
865	VTA1	10	51534
866	WASF2	15	10163
867	WDR61	4	80349
868	WT1	9	7490
869	XAB2	13	56949
870	XRCC1	14	7515
871	YAP1	10	10413
872	YBX3	2	8531
873	ZBTB7A	2	51341
874	ZFAND5	2	7763
875	ZNF384	9	171017
876	ZNF764	7	92595
877	ZNF8	3	7554
878	ZNRD1	1	30834
879	ZWILCH	11	55055
880	ZWINT	11	11130
