CHAF1B	DNMT3A	HERC2	HIST1H2AA	HIST1H2BA	HIST1H2BH	HIST1H3B	HIST1H3C	HIST1H3H	HIST1H3I	HIST1H3J	HSF2	NCAPD2	NCAPH	SETD7	SMC4	STX11	TADA2B	TAF12	TAF6L	H2AFJ	DNMT3L	HIST3H2A	NCAPG	NCAPH2	SLC38A2	if_health
spl	-0.415028948452197	-0.518891797391344	-0.32527393379519	0.1693516009068	-0.346557304479439	-0.0709680589336515	0.147338514656235	-0.515729696603974	0.1543924317973	-0.539323833248223	0.758353682185808	-0.0590493713504788	0.360780317804005	0.360658698542952	0.0375163219254972	-0.500162431189201	0.144906129435172	0.248890597635372	-0.253518569774001	-0.334881855418362	-0.319922686308863	0.0141654238033437	-0.158290688369614	0.174216371348917	-0.167898609992786	0.396536380553542	1
degree_centrality	0.349908982169457	1.16133378113944	0.128558769914825	-0.240165604545892	0.128558769914825	0.128558769914825	-0.240165604545892	0.275932932120911	-0.387539766751978	0.128558769914825	-0.534913928958064	-0.314141654594437	-0.240165604545892	-0.166189554497346	-0.240165604545892	0.939983568884805	-0.314141654594437	-0.0188153922912605	0.275932932120911	0.202534819963371	-0.0927914423398056	-0.461515816800523	0.128558769914825	-0.0927914423398056	-0.240165604545892	-0.461515816800523	1
average_neighbor_degree	0.196239056359986	0.0764189522573732	0.545429034123033	-0.461059725311631	0.220887760672672	-0.34192432113365	-0.346032438519098	0.309212284459796	-0.255653856039251	0.512564095039452	-0.666465594584011	-0.101599454084965	-0.567870777333269	-0.652771883659577	-0.378897377602679	0.0866892457209923	-0.717817061902107	-0.461059725311631	0.309212284459796	0.0729955347965582	0.413382392139025	0.874078424958842	-0.518573368707897	-0.566697047115073	0.475591038570424	-0.502140899166107	1
betweenness	-0.0334993757805701	0.250658105698761	-0.208761195765058	-0.246644647917189	-0.0415421310830253	-0.199537005506716	-0.242274858709985	0.0246849626041098	-0.248497734203581	0.052579507590502	-0.250839860020807	-0.200938983111436	-0.250839860020807	-0.103339015091468	-0.243722483628396	0.404829955137566	-0.210941460902875	-0.238762780673141	-0.166954128844589	-0.125149079086729	-0.224809983552139	-0.250839860020807	-0.0563253361597398	-0.233604463925927	-0.241685635086625	-0.243415236276311	1
eigenvector	-0.0938588243286005	-0.104409735372941	-0.0766912402564536	-0.139728463021368	-0.11308294190939	-0.135615396004083	-0.139996706522495	-0.0431608026155419	-0.140712022525501	-0.0351134975817231	-0.142142654531513	-0.133201204493937	-0.138297831015356	-0.138297831015356	-0.134631836499949	-0.0398524661016386	-0.140443779024374	-0.139013147018362	-0.0987766218492675	-0.125511557461621	-0.128730479475149	-0.138297831015356	-0.128193992472894	-0.137493100511974	-0.122918536950724	-0.141874411030386	1
cluster_coefficient	0.314712271874018	0.289772920965009	-0.275263375864288	0.292862111022933	-0.085889633885816	0.00879723710342026	-0.133233069380434	-0.171969382230904	0.860987597910154	-0.180576504875052	-0.559328249783801	-0.559328249783801	3.70162355424987	2.28130770655591	-0.559328249783801	0.110250499557462	-0.559328249783801	0.810265227634938	0.731867975392522	0.215389485321993	0.455183069997596	3.70162355424987	-0.559328249783801	1.67260091468708	2.42333801303977	-0.559328249783801	1
harmonic_centrality	0.794132068359127	0.976525430221874	0.661541398972574	0.0608382276647564	0.709683378071556	0.347618178276126	0.0861927498686962	0.927690943778549	0.0625240887000759	0.954118424092984	-0.487980051923778	0.310139442088282	-0.129987665848799	-0.128810120517027	0.195341857124222	0.944365357780767	0.0647193699764641	-0.00577812825932224	0.588777594636169	0.680176522510911	0.650346308291979	0.224257222244356	0.438634872581084	0.0630409863540009	0.456219547965488	-0.177082001706829	1
markovcent	1.17797729461452	1.43461755845911	1.08091539924262	0.53760929858951	1.0108686163155	1.05034193006694	0.551714948768938	1.11601786970628	0.09018863711226	1.02926070109493	-1.00506716393131	0.347984102078187	0.41281494433883	0.412910976042464	0.53516305183748	1.36141263153237	0.218944128840898	0.885657586222133	1.167673721908	1.10451420896262	0.845453166597066	-0.264978329717264	0.941545940217918	0.691685273299785	0.544015202387838	-0.414918951028376	1
closeness_latora	0.794161212998836	0.9764369747546	0.661570430134398	0.0608667467163087	0.709712449501404	0.347646942103566	0.0862212904019889	0.927720200628364	0.0624741059608414	0.954147704824602	-0.487952002195579	0.31016817404068	-0.129959309823067	-0.128781763487144	0.195370490136288	0.944394630569282	0.0647478918618846	-0.00574966627653796	0.588806562579594	0.680087813547073	0.650375328897844	0.224207376478298	0.438663712425758	0.0630695060129595	0.456169901286486	-0.177053686775361	1
closeness_residual	1.0627332967354	1.36590571458699	0.845103192212096	-0.104521940750548	0.931032891323116	0.343188416924376	-0.0654309490223458	1.28063779952147	-0.108382347682622	1.32432630724055	-0.886220717257488	0.279003435048168	-0.386269772673889	-0.384892401001957	0.0963456581325069	1.31176855145036	-0.110044878333509	-0.199087114601609	0.730853978276027	0.8756474851088	0.828375658899457	0.145234281948942	0.48253162100845	-0.0982645842878271	0.515244198216828	-0.460265837533563	1
communitycent	2.05143406065334	0.126907633049567	-0.463477648784388	0.126907633049567	-0.463477648784388	-0.463477648784388	-0.463477648784388	1.0852141774757	-0.463477648784388	0.126907633049567	-0.463477648784388	0.126907633049567	1.09428592617508	2.15438117154631	-0.463477648784388	0.599215858516731	-0.463477648784388	-0.463477648784388	-0.463477648784388	0.126907633049567	-0.463477648784388	-0.463477648784388	0.126907633049567	2.66409913370587	0.126907633049567	-0.463477648784388	1
diffusion_degree	0.293750195477617	0.825571007262401	0.273005412039203	-0.339908644095742	0.124020149163324	-0.134346699115099	-0.313506192446852	0.295636084881109	-0.371968763955109	0.257918296811266	-0.4700350129367	-0.304076745429392	-0.36442520634114	-0.362539316937648	-0.321049750060821	0.670928076176045	-0.41723010963892	-0.24938595272812	0.295636084881109	0.110818923338879	0.00143733793633513	-0.307848524236376	-0.215439943465261	-0.313506192446852	-0.124917252097638	-0.434203114270349	1
dmnc	-0.140114755879571	-0.0738859140702973	-0.0421713591969668	0.0643656176745642	-0.095907877060657	-0.095907877060657	-0.214905655225139	-0.214905655225139	-0.214905655225139	-0.0421713591969668	-0.214905655225139	-0.214905655225139	-0.095907877060657	-0.095907877060657	1.53421093839464	-0.10280615835901	-0.214905655225139	0.130562936831204	-0.119227183346157	-0.106340995052126	-0.095907877060657	-0.214905655225139	5.03244412563421	-0.0393817926478076	-0.095907877060657	-0.214905655225139	1
geokpath	1.19729130037232	1.6419623308496	0.89491499964777	-0.364206128756313	1.04001817801404	0.184377500421971	-0.338930091234447	1.49217840479409	-0.40446055888373	1.57643186320031	-0.935257346842923	0.0720395558803429	-0.586073569226029	-0.586073569226029	-0.156380931354301	1.48843380664271	-0.422247400102821	-0.436289643170525	0.668366811488819	0.90989339225332	0.88274505565576	-0.0889781646293242	0.395011146437524	-0.308037156485499	0.386585800596902	-0.704964560532586	1
lincent	0.752974008734418	0.8988335199318	0.633568765299094	0.067782834127118	0.661352307213345	0.324882510847907	0.0900932217669179	0.894264476117356	0.0829182916739088	0.928557875243121	-0.452513622242398	0.311392559111488	-0.116734288945119	-0.116622204149842	0.20503337258301	0.871891109739461	0.0925729985088898	-0.0109034999053436	0.54222493667897	0.646071091771675	0.626633752280063	0.23028333453671	0.42627045042788	0.0628841118997937	0.437708146000923	-0.149418285943366	1
semilocal	0.268741693045976	0.677825226733705	0.184115771694978	-0.306605407804418	0.113638019553189	-0.150033120577453	-0.303762422928629	0.322723064713748	-0.332427878167935	0.301412458469404	-0.39638325754911	-0.290356414135891	-0.335306204015937	-0.335211961423369	-0.287788303488424	0.488527199237647	-0.36144281635468	-0.265704122630088	0.270956393971314	0.081249981907463	0.022128462170067	-0.242061012219696	-0.198312815394887	-0.293969046850982	-0.120990694967876	-0.383271756858146	1
coreness	0.425984540723995	0.971065771646051	0.60767828436468	0.0625970534426247	0.60767828436468	0.425984540723995	0.0625970534426247	0.425984540723995	-0.300790433838746	0.425984540723995	-0.664177921120116	-0.119096690198061	0.0625970534426247	0.0625970534426247	0.0625970534426247	0.971065771646051	-0.300790433838746	0.425984540723995	0.971065771646051	0.789372028005366	0.425984540723995	-0.482484177479431	0.24429079708331	0.0625970534426247	0.0625970534426247	-0.482484177479431	1
hub_score	-0.0933907973933665	-0.104094388226648	-0.0761659523328712	-0.139264306589373	-0.11267775023642	-0.13512411404978	-0.139455751709848	-0.0426719417724324	-0.140219529717602	-0.034679078278292	-0.1416213663583	-0.1327225898761	-0.137759674089702	-0.137758158877856	-0.134099695517524	-0.0395460248610687	-0.139933120500862	-0.138538062763106	-0.0985487545940341	-0.125104788442194	-0.128233869901116	-0.137774448688353	-0.127730464361495	-0.137024565729036	-0.122443484783694	-0.141385460384176	1
eccentricity	-0.104393651028562	-0.104393651028562	-0.104393651028562	0.415385918927497	-0.104393651028562	0.415385918927497	-0.104393651028562	-0.104393651028562	-0.104393651028562	-0.104393651028562	0.415385918927497	-0.104393651028562	0.415385918927497	0.415385918927497	-0.104393651028562	-0.104393651028562	-0.104393651028562	0.415385918927497	0.415385918927497	-0.104393651028562	-0.104393651028562	0.415385918927497	-0.104393651028562	0.415385918927497	-0.104393651028562	0.415385918927497	1
subgraph_centrality	-0.0891215906369095	-0.0892022805929144	-0.0889494576320263	-0.089326813939515	-0.0892525096382183	-0.0893234071271685	-0.0893268993058617	-0.0884661153385087	-0.0893271744550859	-0.0883217663871145	-0.0893274136464382	-0.0893200595504252	-0.089325923987949	-0.0893259228912731	-0.0893221036764146	-0.0884108929715938	-0.0893270833774512	-0.089326430130812	-0.0891622171642543	-0.0893027056388949	-0.0893110763277253	-0.0893259340158313	-0.0893098631086181	-0.0893253446596225	-0.0892943185509151	-0.0893273974512414	1
pc	1.28732500143488	0.00971467322653026	0.237208636465735	0.164085576853133	1.11468535181696	1.11468535181696	0.749070053753948	1.17765243092781	0.619073503331543	0.749070053753948	-1.0058833769485	1.73623135852407	-1.0058833769485	-1.0058833769485	0.749070053753948	1.44813313612748	0.365173990787788	-1.0058833769485	-0.447304449352231	0.867517323870228	-0.11049897352888	-1.0058833769485	1.11468535181696	0.635654695987465	1.04156229220436	0.82219311336655	1
gilschmidt	0.067923900436796	0.141699006157723	0.0142585149284734	-0.228872976193728	0.0337437308135128	-0.112800279365795	-0.218610864967867	0.121981161465022	-0.22822240643582	0.132677547518971	-0.451004327244352	-0.127969603303851	-0.306108766404609	-0.305632161042568	-0.174433330488327	0.128730044694913	-0.227302104177199	-0.255835600647764	-0.0151922577349274	0.0217533233757876	0.00972735966500504	-0.162761760346186	-0.0759617453324426	-0.227981421560121	-0.0688762122833274	-0.325169954820713	1
spl_n	-0.213061002897387	-0.291786548881158	-0.635181168841254	0.622942179239024	-0.0976058711373152	-0.0823468888111242	0.549347972444587	-0.328786205141117	0.44847664680158	-0.260323337536014	-0.280038482842413	-0.293271936541235	0.678171593145305	0.567172624365451	0.689649588700403	-0.332567191912208	-0.084102346954847	-0.0261722282120708	-0.0381903647344629	-0.260863478503318	-0.222378434583294	0.064031313326799	0.226073603516382	0.231610048431185	-0.081131571634705	1.02210635407269	0
degree_centrality_n	-0.286273631071896	0.221668660570829	1.23701856775981	-0.477152997510267	-0.223181851688905	-0.0323024852505337	-0.41352654203081	-0.223181851688905	-0.349900086551353	-0.540244776893258	-0.477152997510267	-0.159555396209448	-0.41352654203081	-0.286273631071896	-0.349900086551353	0.158042205091372	-0.0959289407299908	0.602358041254639	0.0307892941324573	0.158042205091372	-0.0323024852505337	-0.477152997510267	-0.223181851688905	-0.223181851688905	-0.286273631071896	-0.540244776893258	0
average_neighbor_degree_n	0.264701723767606	0.0272807252431654	0.936918278843371	-0.357688457241746	-0.169636830964258	-0.286916360567912	-0.715593130095268	0.612900531123524	-0.785354224894371	6.46676528189589	2.93624788084868	0.00368260134621936	-0.82478438992147	-0.885446213068389	-1.05833237445988	-0.151438287659891	-0.339489913937379	-0.439102989245799	-0.230298654111177	-0.0756110360240569	-0.218166304040627	0.406650361541669	-0.715593130095268	-0.703460780024719	0.0754368734021893	-0.885446213068389	0
betweenness_n	-0.22756480659732	-0.137100348215525	0.141161765556512	-0.259250946492279	-0.243751880938144	-0.230031553464381	-0.24895090609234	-0.170032379404485	-0.24642115330495	-0.259264592921767	-0.213181362901506	-0.0390582677785829	-0.258935975697252	-0.0950847395657822	-0.251591859649985	0.127772659191974	-0.00398015283129219	-0.233705142980595	-0.249026593124512	-0.188118025796152	-0.237940112479473	-0.190414458998389	-0.244381114665638	-0.203359086164853	-0.251415752769386	-0.259264592921767	0
eigenvector_n	-0.142469943420911	-0.141071803065106	0.736960340380519	-0.175186427746751	-0.156451346978962	-0.164933398470847	-0.176491358745502	-0.0876628414733496	-0.172390147035141	-0.0952127993946973	-0.0948399619664826	-0.147876086130024	-0.176211730674341	-0.175652474532019	-0.176025311960234	-0.146384736417165	-0.159340837047626	-0.14321561827734	-0.129327424076343	-0.133149007715543	-0.152536553982708	-0.17211051896398	-0.169500656966477	-0.173322240605677	-0.167170423040135	-0.177330242958986	0
cluster_coefficient_n	-0.590894368992731	0.167980781302627	0.0235219221086939	-0.590894368992731	-0.0271593886636208	0.583557382380594	-0.590894368992731	-0.590894368992731	-0.590894368992731	-0.590894368992731	-0.590894368992731	-0.188225921897235	2.22778898869866	1.10031480001752	-0.590894368992731	0.177836302735034	-0.288890919659647	0.719547511660708	0.536579819688411	0.370021084678437	-0.356002327508897	-0.590894368992731	-0.590894368992731	-0.0271593886636208	1.52311709227008	-0.590894368992731	0
harmonic_centrality_n	0.423376896696627	0.555618320512122	1.03130475706078	-0.412920600135935	0.290606097798644	0.276445349082236	-0.369503681751969	0.574242903275837	-0.27748363346058	0.467822234776045	0.495228354655058	0.524774027913109	-0.471080028153417	-0.374416930629753	-0.490290964482459	0.599451571836926	0.272761790449965	0.238010608671504	0.244409964863635	0.501936513750644	0.442122792074402	0.101429421790904	-0.0524584268834773	-0.056274329286371	0.270702195006929	-0.745685313322801	0
markovcent_n	0.277048529152276	1.12208094124646	1.62639083124127	-0.562448456290767	0.455872941316197	0.776215703630409	-0.316835018542007	0.42573681749904	-0.0645552117204412	-1.0212493716232	-0.549689510607966	0.464116218856308	-0.39365786730449	-0.148886446549687	-0.292346985081301	0.91995991425277	0.602251650956128	1.36866188220869	0.925010714729226	1.07058731833163	0.80596754167839	-0.770543882111328	0.374018083500317	0.275198263028519	0.210777157023077	-1.09952523095396	0
closeness_latora_n	0.42340459350078	0.555646678368224	1.03133548886818	-0.412897075283664	0.290633132232894	0.276472313520977	-0.369479938940904	0.574271353290142	-0.277459431832287	0.46785015378816	0.495256411186196	0.524802231536033	-0.471056792945055	-0.374393213657539	-0.490267825754956	0.59948014719258	0.272788736067894	0.238037381113656	0.244436769787797	0.50196460276059	0.441841780947523	0.101455512630084	-0.0525489051994125	-0.0562490256650256	0.270729131009903	-0.745663448225967	0
closeness_residual_n	0.4700363558747	0.672525377143543	1.38974045276239	-0.705483803566928	0.273581457475593	0.250367379683739	-0.662303312839862	0.696027709212614	-0.537566078612277	0.533682900284153	0.574807177167073	0.622234614245132	-0.79042273058679	-0.66307199091244	-0.822255611267424	0.737401806469121	0.243872049970456	0.195599067012561	0.209031716330861	0.588931636750692	0.497266776595773	-0.00300812998976391	-0.218968234480536	-0.224656452217613	0.243506927885981	-1.13934492468173	0
communitycent_n	-0.51642647910199	-0.51642647910199	0.448474754351151	-0.51642647910199	-0.51642647910199	-0.51642647910199	-0.51642647910199	-0.51642647910199	-0.51642647910199	-0.51642647910199	-0.51642647910199	0.0625142609698936	-0.51642647910199	-0.51642647910199	-0.51642647910199	-0.51642647910199	-0.51642647910199	0.0625142609698936	-0.51642647910199	-0.51642647910199	-0.51642647910199	-0.51642647910199	0.0625142609698936	0.0625142609698936	-0.51642647910199	-0.51642647910199	0
diffusion_degree_n	-0.213659702748938	0.139758523620315	2.00992997149095	-0.443381549888953	-0.2593095569883	-0.175372728225602	-0.452217005548184	-0.0693472603148264	-0.443381549888953	-0.201879095203296	-0.176845304168808	-0.168009848509576	-0.465470189037031	-0.446326701775363	-0.487558828185109	0.00280896090222944	-0.229858038124196	0.0823280618353114	-0.114997114554188	0.03962335948236	-0.150338937191114	-0.381533360274333	-0.39184139187677	-0.38889623999036	-0.251946677272274	-0.499339435730751	0
dmnc_n	0.35898235213825	-0.102645200420655	-0.0124654687716023	-0.123265764231294	-0.123265764231294	-0.104560802966791	-0.123265764231294	0.35898235213825	-0.123265764231294	-0.123265764231294	-0.123265764231294	-0.123265764231294	-0.123265764231294	-0.0756412724187647	-0.123265764231294	-0.0792999864885353	0.0282823187973247	-0.0138414785490892	-0.0372092820038548	-0.0717143547046969	-0.123265764231294	-0.123265764231294	0.35898235213825	-0.123265764231294	-0.0756412724187647	-0.123265764231294	0
geokpath_n	0.394892937705842	0.657192248037632	1.65232222205406	-0.774859696949302	0.141361292343359	0.0777957213158778	-0.882263592823322	0.639656918099017	-0.772667780706975	0.41973465511888	0.470879367439842	0.61846839442319	-0.899798922761938	-0.812852911816302	-0.914411697710784	0.764596143911652	0.0661055013568008	0.0288429252372428	0.0398025064488775	0.567323682102228	0.446768288774246	-0.204230835196855	-0.372277747108587	-0.446802899347703	0.0675667788516854	-1.05469433721971	0
lincent_n	0.420276023201896	0.514238343689514	0.967683540932705	-0.402920127706341	0.288412841205203	0.271489082674662	-0.341173826851154	0.559594326191582	-0.253619493649439	0.476277074760403	0.499999340146636	0.516044203945667	-0.448128125462631	-0.356290171672549	-0.45740504268113	0.564273492237302	0.273430247346546	0.210157829415599	0.223152288592998	0.476924130591495	0.431220628097646	0.11476202573873	-0.0476585714862969	-0.0530156385106942	0.270146082095858	-0.709682670691868	0
semilocal_n	-0.190176694245957	0.0902614828577726	1.94728334698326	-0.384908779018137	-0.236928006239889	-0.172729747661062	-0.402046745057653	-0.0471070859258279	-0.397219214431367	-0.121933810633269	-0.110534054722206	-0.172018860090493	-0.408103228379467	-0.396835892702138	-0.420181347593165	-0.0352636060736582	-0.240991216569713	-0.000502133137601813	-0.0910264634474577	0.0216236617058788	-0.111656141965949	-0.3145030315878	-0.340350531947792	-0.358355037411565	-0.237894441629944	-0.423596395726293	0
coreness_n	-0.0481408617765611	0.789649383562229	1.79499767796878	-0.550815008979835	0.119417187291197	0.286975236358955	-0.383256959912077	-0.0481408617765611	-0.383256959912077	-0.718373058047594	-0.550815008979835	-0.0481408617765611	-0.383256959912077	-0.383256959912077	-0.383256959912077	0.119417187291197	0.119417187291197	0.789649383562229	0.622091334494471	0.789649383562229	0.119417187291197	-0.550815008979835	-0.0481408617765611	-0.215698910844319	-0.215698910844319	-0.718373058047594	0
hub_score_n	-0.141997372555464	-0.140782386175722	0.73791802812943	-0.174613828149534	-0.155892303438288	-0.164460100011066	-0.175941913638983	-0.0871288567190977	-0.171846913179732	-0.0946566263707197	-0.0942439203212684	-0.147415861477123	-0.175595950838367	-0.175040197772819	-0.17543443046512	-0.146031017813149	-0.158859777991854	-0.143020896179642	-0.129543189180814	-0.133059997653891	-0.152153379929738	-0.171567653135077	-0.168965794284486	-0.172801029099807	-0.166690964241598	-0.176792728824831	0
eccentricity_n	0.186549824460118	-0.576962892462901	-0.576962892462901	0.186549824460118	0.186549824460118	0.186549824460118	0.186549824460118	0.186549824460118	0.186549824460118	0.186549824460118	0.186549824460118	0.186549824460118	0.186549824460118	0.186549824460118	0.950062541383136	-0.576962892462901	0.186549824460118	0.186549824460118	0.186549824460118	-0.576962892462901	-0.576962892462901	0.186549824460118	0.186549824460118	0.186549824460118	0.186549824460118	0.950062541383136	0
subgraph_centrality_n	-0.0941154276842987	-0.094106023007385	-0.0180648149241923	-0.0942271981206833	-0.0941867611190704	-0.0942128374644641	-0.0942276516236612	-0.0934910681427111	-0.0942252461193701	-0.093609173848901	-0.0936029636093643	-0.0941471879237654	-0.0942275669770073	-0.0942273833414486	-0.0942275198799014	-0.0941387964647577	-0.0941973111713127	-0.0941197561422298	-0.0940101017341435	-0.0940460389572245	-0.0941704506168964	-0.0942249358105174	-0.0942216445242686	-0.0942260543948816	-0.0942178081742482	-0.0942277696838939	0
pc_n	0.579751800696103	0.72192415026234	0.331926166771738	-1.09655939070115	1.4256680963549	0.196890602660928	0.455580601333342	0.649598100337655	0.213058727577955	-1.09655939070115	0.649598100337655	1.46922304511097	-1.09655939070115	0.0209814035636869	-1.09655939070115	0.795111224590889	1.63181168904698	-0.748295292765429	0.579751800696103	-0.563011268439289	1.23165059735059	0.649598100337655	-0.126471895679589	1.03763309834628	0.859136999262311	-1.09655939070115	0
gilschmidt_n	-0.0331137851502537	0.0235255159913046	0.227263091775816	-0.391301892294355	-0.0899798182689577	-0.0960448986572262	-0.372706327482393	0.0315024665409352	-0.33329393302002	-0.0140777462368719	-0.00233964283743557	0.0103148356362383	-0.41621170649029	-0.374810683645149	-0.424439794195119	0.0422993960561259	-0.0976225753314374	-0.112506584913585	-0.109765725960854	0.000533476435275121	-0.0252171355092048	-0.17100461590933	-0.236964726923272	-0.238549488971764	-0.0985047044299645	-0.533825770572198	0
