ACTG2	ACTN2	CAMK2A	DES	GRIN2A	LMOD1	MORF4L2	MPDU1	MYL1	MYOZ2	RGS3	SEMA3F	SHBG	TCAP	TNNT1	TNNT2	TNNT3	TTN	MYL5	RAVER1	MYL4	TNNC2	ITPKA	GRIN3A	MRFAP1	ING3	GLS2	OBSCN	if_health
spl	-0.613998059534678	-0.49104098661024	-0.0614817565715321	0.286349330039656	-0.467933327010192	0.0977178561466625	0.355064212534519	0.716881514166785	-0.11085917655899	2.33441768616984	-0.222992135249728	0.947836490906161	-0.199762856388637	1.01642975413998	-0.120345478921118	0.110123020774056	0.190026875285785	-0.291220540700391	0.606451225130784	0.170446174256274	0.140892693820434	0.154757289580458	-0.209370778011809	0.215445300845835	0.639045187092952	0.70253044136254	0.704233111017287	0.42183318685254	1
degree_centrality	0.128558769914825	0.644657306581628	0.128558769914825	-0.387539766751978	-0.0188153922912605	-0.314141654594437	-0.461515816800523	-0.534913928958064	-0.0927914423398056	-0.534913928958064	-0.387539766751978	-0.534913928958064	0.275932932120911	-0.461515816800523	-0.240165604545892	-0.240165604545892	-0.0188153922912605	0.275932932120911	-0.534913928958064	-0.461515816800523	-0.314141654594437	-0.314141654594437	-0.461515816800523	-0.461515816800523	-0.534913928958064	-0.461515816800523	-0.461515816800523	-0.461515816800523	1
average_neighbor_degree	1.09591676377301	-0.248404220207977	-0.559654542562374	-0.73493423136853	0.930565039008747	-0.296735029893727	-0.111869747548584	-0.584303246875059	-0.273260055799237	-0.954033811565344	0.360563751777891	-0.912952637710868	-0.748627942292964	-0.769168529220202	-0.165275273559403	-0.510357133937002	-0.753763089024773	-0.584303246875059	-0.78970911614744	-0.543222073020583	-0.430248844920774	-0.389167671066298	1.44921485892151	-0.481600312238869	-0.502140899166107	-0.707546768438488	-0.748627942292964	-0.563762659947821	1
betweenness	-0.0895607741143333	0.897852332397956	0.0162739913745707	-0.247231732377108	-0.125791778664883	-0.250721428780171	-0.250469466455204	-0.250839860020807	0.152257872187109	-0.250839860020807	-0.225228512453845	-0.250839860020807	1.22404005957652	-0.250439548990143	-0.167701492983086	-0.160882092525381	0.0691753549538555	0.447276931136259	-0.250839860020807	-0.249124355759093	-0.246012722437173	-0.103254548577036	-0.242729121839208	-0.246467277299856	-0.250839860020807	-0.250698463757748	-0.245854801382626	-0.240353506226189	1
eigenvector	0.0724521463703219	-0.128193992472894	-0.139907292022119	-0.141069680527004	-0.123902096454857	-0.134810665500701	-0.141069680527004	-0.142142654531513	-0.133201204493937	-0.142410898032641	-0.13650954100784	-0.142321483532265	-0.130071696980785	-0.142232069031889	-0.138029587514228	-0.140622608025125	-0.134989494501452	-0.126673945966506	-0.141695582029635	-0.139639048520992	-0.137314271511222	-0.139549634020616	-0.131591743487173	-0.141516753028883	-0.142142654531513	-0.142142654531513	-0.142142654531513	-0.141963825530762	1
cluster_coefficient	1.33442621380814	-0.402674356708503	-0.369954507805329	-0.559328249783801	0.049378542085037	2.28130770655591	-0.559328249783801	-0.559328249783801	0.252280806041316	-0.559328249783801	-0.559328249783801	-0.559328249783801	-0.559328249783801	-0.559328249783801	0.292862111022933	-0.133233069380434	-0.102797090644222	-0.430208627266169	-0.559328249783801	-0.559328249783801	-0.559328249783801	0.860987597910154	-0.559328249783801	-0.559328249783801	-0.559328249783801	-0.559328249783801	-0.559328249783801	-0.559328249783801	1
harmonic_centrality	1.07027486104355	0.883689998311269	0.302995667860561	-0.0784775326415329	0.852535514257136	0.110772692173759	-0.138792238236998	-0.467146846906254	0.361342104078878	-1.40480830061756	0.495033686502101	-0.642874925376666	0.468010888724826	-0.682878759157784	0.370428830459114	0.104778425923461	0.0334864661134164	0.584013123759104	-0.367659303625393	0.0295173917816034	0.0642540440978887	0.0544075230779619	0.473935997737789	-0.0181228140556943	-0.3862635848964	-0.444124985482379	-0.450824759177483	-0.214772799678382	1
markovcent	1.04197185025967	1.24439784668494	0.991945312417629	-0.00756496676507684	0.923675767127139	0.342770760105459	-0.307308316553427	-1.06485753184938	0.637173628873728	-1.67746042517873	0.074273110013564	-1.24244019834165	0.56484800452184	-0.459402441864956	0.513564410890736	0.393512452269078	0.573533538948321	0.947935992457943	-1.05512716570388	-0.333875897622419	0.30191655588399	0.0946931328134089	-0.2536587694376	-0.446609378035282	-0.970064634052172	-0.403169451460962	-0.422122868548962	-0.352525248139314	1
closeness_latora	1.07030423981824	0.883601464575757	0.303024392936082	-0.0784491341110823	0.852564707578909	0.110801253283575	-0.138763890045616	-0.467118777655547	0.361370879320519	-1.40478103105749	0.49506257455301	-0.642847007959337	0.468039755264716	-0.682850873760305	0.370457611879414	0.104728478608314	0.0335149621024297	0.584042087761974	-0.367631150199388	0.029545883301893	0.0642825656510796	0.0544360353373362	0.473964869367692	-0.01809436199152	-0.386235447746394	-0.444096897187706	-0.450796677054837	-0.21474451513077	1
closeness_residual	1.51948265600737	1.19903390831761	0.253651187711675	-0.322614756069889	1.1559426203469	-0.0431051531134373	-0.406464946777778	-0.868782976676509	0.349755143977472	-1.84118451053839	0.569085441658315	-1.09240680011595	0.517407102170408	-1.13449061603365	0.365863936109361	-0.0504708633434158	-0.152735329626251	0.703976399420032	-0.728363700973738	-0.166261549873268	-0.114427180000651	-0.126952653642279	0.532386019102666	-0.239216515441853	-0.746646157775394	-0.830601265466105	-0.843371545400988	-0.524426607798351	1
communitycent	1.32407778787953	-0.463477648784388	-0.463477648784388	-0.463477648784388	-0.463477648784388	0.126907633049567	-0.463477648784388	-0.463477648784388	0.126907633049567	-0.463477648784388	-0.463477648784388	-0.463477648784388	-0.463477648784388	-0.463477648784388	-0.463477648784388	-0.463477648784388	-0.463477648784388	0.126907633049567	-0.463477648784388	-0.463477648784388	0.126907633049567	-0.463477648784388	-0.463477648784388	-0.463477648784388	-0.463477648784388	-0.463477648784388	-0.463477648784388	-0.463477648784388	1
diffusion_degree	0.52571459210715	0.188140388882057	-0.234298837500182	-0.437974893077334	0.261690075618251	-0.339908644095742	-0.398371215603999	-0.466263234129716	-0.219211722272245	-0.483236238761145	-0.287103740797962	-0.481350349357653	-0.287103740797962	-0.458719676515747	-0.272016625570025	-0.351223980516695	-0.356881648727172	-0.19658104943034	-0.475692681147176	-0.437974893077334	-0.36442520634114	-0.356881648727172	-0.255043620938596	-0.432317224866857	-0.462491455322731	-0.453062008305271	-0.456833787112255	-0.439860782480826	1
dmnc	-0.102719306206787	-0.214905655225139	-0.214905655225139	-0.214905655225139	0.0643656176745642	-0.214905655225139	-0.214905655225139	-0.214905655225139	-0.095907877060657	-0.214905655225139	-0.214905655225139	-0.214905655225139	5.03244412563421	-0.214905655225139	0.0643656176745642	-0.214905655225139	-0.214905655225139	-0.214905655225139	-0.214905655225139	-0.214905655225139	-0.214905655225139	-0.214905655225139	-0.214905655225139	-0.214905655225139	-0.214905655225139	-0.214905655225139	-0.214905655225139	-0.214905655225139	1
geokpath	1.86382977131931	1.32179918890596	-0.103956557234875	-0.618838803050671	1.26094946894591	-0.364206128756313	-0.687177719313494	-0.953980337599862	0.0692311072668022	-1.03542534739254	0.487689950684367	-0.99985166495436	0.381905052907667	-0.982064823735269	0.128208528151157	-0.399779811194496	-0.448459587162535	0.633729278588484	-0.856620785663784	-0.469054876995166	-0.436289643170525	-0.450331886238228	0.377224305218433	-0.594498915066651	-0.838833944444693	-0.910917458858904	-0.912789757934598	-0.783601121711725	1
lincent	1.04024500556435	0.858873961453717	0.314138978881093	-0.0469490950825352	0.82619812059278	0.141263271306166	-0.111459535782052	-0.420131901848432	0.37063408328093	-1.36885377760571	0.504417534827583	-0.593556464799865	0.476054756770823	-0.641987413153364	0.381652515461621	0.128354917633773	0.0470418313546641	0.589778433488585	-0.331063690931686	0.0666796251086158	0.0966709998342769	0.0825478373285977	0.487743798866931	0.0218214435121609	-0.357793669004774	-0.40879346864079	-0.410142323738195	-0.172222363986217	1
semilocal	0.591777812944813	0.0367831853143259	-0.291181036820857	-0.36840498788061	0.291246038796176	-0.314309739746818	-0.354995052313181	-0.397934333551785	-0.260084908048246	-0.406899160169776	-0.216207127658656	-0.402053520201927	-0.253350489454354	-0.400702709708458	-0.278214826793434	-0.334049636115036	-0.346968724846175	-0.183131904442125	-0.395539000990692	-0.371200851460115	-0.334328437118048	-0.33882066736377	-0.217169187457783	-0.368503157247868	-0.391121379464087	-0.391663274371351	-0.398633299446661	-0.383845065962932	1
coreness	0.60767828436468	0.60767828436468	0.0625970534426247	-0.300790433838746	0.24429079708331	-0.119096690198061	-0.482484177479431	-0.664177921120116	-0.119096690198061	-0.664177921120116	-0.300790433838746	-0.664177921120116	-0.119096690198061	-0.482484177479431	-0.119096690198061	-0.119096690198061	-0.119096690198061	-0.119096690198061	-0.664177921120116	-0.482484177479431	-0.119096690198061	-0.300790433838746	-0.482484177479431	-0.482484177479431	-0.664177921120116	-0.482484177479431	-0.482484177479431	-0.482484177479431	1
hub_score	0.0728954885830307	-0.127718411788221	-0.139402068235487	-0.140578717572393	-0.123379301403807	-0.134318012026247	-0.140585534983952	-0.141656095429132	-0.132702786951667	-0.141894938581135	-0.136058079955217	-0.141817752154253	-0.129527837072976	-0.141699929708975	-0.137566603821216	-0.140093661102268	-0.134450018791469	-0.126187990686927	-0.141147711371171	-0.139147230655978	-0.136826656804943	-0.139053349836236	-0.131096337059017	-0.141033543122277	-0.14164801513257	-0.141646137484749	-0.141659541614722	-0.14144144609092	1
eccentricity	-0.104393651028562	-0.104393651028562	-0.104393651028562	0.415385918927497	-0.104393651028562	0.415385918927497	-0.104393651028562	0.415385918927497	-0.104393651028562	1.45494505883962	-0.104393651028562	0.415385918927497	-0.104393651028562	0.935165488883556	-0.104393651028562	0.415385918927497	0.415385918927497	-0.104393651028562	0.415385918927497	0.415385918927497	0.415385918927497	0.415385918927497	-0.624173220984621	-0.104393651028562	0.415385918927497	0.415385918927497	0.415385918927497	0.415385918927497	1
subgraph_centrality	-0.0852913407151617	-0.0893098322471825	-0.0893268763702654	-0.0893272685666013	-0.0892974256855321	-0.0893223974890424	-0.0893272699504668	-0.0893274152065428	-0.0893200278400576	-0.0893274202022165	-0.0893244334388681	-0.0893274196793892	-0.0893140394871887	-0.0893274168712524	-0.0893257797306605	-0.0893271362029583	-0.0893225710942462	-0.0893058365116368	-0.0893273713122899	-0.0893267591164501	-0.0893251727682116	-0.089326713682006	-0.089317211495137	-0.0893273552459369	-0.0893274148576366	-0.0893274147784371	-0.0893274153494107	-0.0893274021996087	1
pc	0.675946994141346	2.1315766202704	1.55342370949257	1.43155194347157	1.16495745530062	-1.0058833769485	-1.0058833769485	-1.0058833769485	1.68026983331034	-1.0058833769485	0.619073503331543	-1.0058833769485	1.22843233343656	-1.0058833769485	1.04156229220436	0.164085576853133	1.05070267465593	1.22843233343656	-1.0058833769485	0.82219311336655	0.365173990787788	0.365173990787788	-1.0058833769485	-1.0058833769485	-1.0058833769485	-1.0058833769485	0.82219311336655	-1.0058833769485	1
gilschmidt	0.179691262160936	0.104124347233651	-0.130861009166927	-0.285260307880829	0.0915623916196845	-0.208662261035353	-0.309672371518581	-0.442572194918347	-0.107245591735707	-0.822085802262361	-0.0531346180397045	-0.513697223522983	-0.0640719545822473	-0.529888566794792	-0.103567787025243	-0.211120182973911	-0.239943459631058	-0.0171206525472097	-0.402305128344051	-0.241549922307734	-0.227490442385562	-0.23147577103201	-0.06167379744305	-0.260832047913674	-0.409835114806175	-0.433254216219213	-0.435965915038861	-0.340425108988458	1
spl_n	-0.0448070915838734	0.0539036701899419	-0.611820072005586	-4.6041369965514	-0.343370011258181	0.258752132037944	-0.194021033800115	0.0879325511297583	-0.11840129837831	0.277792101135217	-0.576440838647528	0.540165576000515	-0.499740821291126	0.0597101855884032	0.675740958792466	0.706258923444837	0.742853473979315	-0.495959834520034	0.216756171830475	0.697886738451703	0.706258923444837	1.31472772310671	0.170979224851925	-0.192535646140039	-0.0206357832972562	-0.0892336861441814	0.13127886375547	-0.169579655029852	0
degree_centrality_n	-0.0323024852505337	-0.41352654203081	0.856329187076001	-0.540244776893258	-0.159555396209448	-0.349900086551353	-0.0323024852505337	-0.349900086551353	-0.159555396209448	-0.349900086551353	-0.0323024852505337	-0.41352654203081	0.602358041254639	-0.349900086551353	-0.477152997510267	-0.540244776893258	-0.286273631071896	0.729076276117087	-0.349900086551353	-0.540244776893258	-0.540244776893258	-0.540244776893258	-0.540244776893258	-0.286273631071896	-0.41352654203081	-0.0323024852505337	-0.286273631071896	-0.349900086551353	0
average_neighbor_degree_n	-0.501254727133047	-0.424416437225396	-0.304675299860219	-1.14022581932953	0.5808364084843	-0.485078260372315	-0.262651624029727	-0.448681173763581	-0.521475346981049	-0.566971705241966	0.96271697059668	-0.776254953242187	-0.613425889234079	-0.184802295850259	-0.75805640993782	-0.485078260372315	-1.02375514218158	-0.566538397925889	-0.439581902111397	-0.594269520198517	-0.485078260372315	-0.994637472894591	1.04359937719451	0.453966574133023	0.303525294949285	-0.307136944018828	-0.266695740719911	0.443047448150403	0
betweenness_n	-0.250394534483455	-0.249948434302747	0.774646369967106	-0.259264592921767	-0.20994045384862	-0.258799042160106	-0.199750164138687	-0.224568035800377	0.0109913975113797	-0.188108401874151	0.0540223209217365	-0.248669409082914	1.44602030040034	-0.0409921360842497	-0.256542057975941	-0.259264592921767	-0.23461255214599	1.48993803912943	-0.258991292558279	-0.259264592921767	-0.259264592921767	-0.259264592921767	-0.259264592921767	-0.246994601465025	-0.259190973608011	-0.24257736940429	-0.22300902478008	-0.232893654332333	0
eigenvector_n	-0.152629763339761	-0.172762984463355	-0.125785468508303	-0.1777030803872	-0.157103812478338	-0.172949403177463	-0.160366139975217	-0.0528025419352749	-0.168102516610672	-0.175000009032644	-0.127463236935269	-0.173415449962731	0.0493549133955536	-0.170898797322282	-0.177143824244878	-0.177237033601932	-0.177330242958986	-0.139766872066354	-0.171458053464604	-0.172762984463355	-0.177237033601932	-0.177609871030147	-0.174347543533268	-0.162603164544505	-0.17033954117996	-0.164840189113793	-0.175186427746751	-0.152256925911547	0
cluster_coefficient_n	1.640563113012	-0.590894368992731	-0.323509971349287	-0.590894368992731	0.0131083016505133	2.22778898869866	0.466111361638677	-0.590894368992731	0.0131083016505133	0.113777527435848	-0.590894368992731	0.818445195841505	-0.590894368992731	0.113777527435848	-0.590894368992731	-0.590894368992731	1.10031480001752	-0.329158609973782	1.52311709227008	-0.590894368992731	-0.590894368992731	-0.590894368992731	-0.590894368992731	1.10031480001752	2.22778898869866	0.935891216583422	-0.168092076740168	0.818445195841505	0
harmonic_centrality_n	0.209038423542142	0.0972192464442872	0.961063477398894	-4.57653895858481	0.588356778261891	-0.114282114220269	0.404597912481184	0.0648860881627839	0.289004189974504	-0.126441167748537	0.914384843111751	-0.371105587260099	0.79139091681887	0.104156248191317	-0.485262832234919	-0.513352728648148	-0.537985150712405	0.788487631285624	-0.0736967915899456	-0.500065998175465	-0.513352728648148	-0.951329555998342	-0.0323201670200436	0.385013841433477	0.194147029193185	0.285513631419884	0.0264623765926043	0.357516734777909	0
markovcent_n	0.744145862489373	-0.245439235317799	1.42251630621781	-1.64405117796102	0.598749129303435	0.0188403055344837	0.761288419699147	-0.0175107575869474	0.288885538201053	-0.0535778768624427	0.853285855772268	-0.356048848596559	0.935264227648287	-0.294855336718824	-0.670355846153362	-1.06145127316562	-0.284233250806407	1.17733311828624	0.0409506595318886	-1.06311089657413	-1.06145127316557	-1.15270922743057	-1.03094594305112	0.272763824636793	-0.216918906991736	0.81654903271887	0.245572093220935	0.0786027079133073	0
closeness_latora_n	0.209065051864304	0.0972453159452874	0.961093857734126	-4.57653620852208	0.588385300133242	-0.114257099045054	0.404625517128747	0.0649119979868371	0.289031217187789	-0.126416213242778	0.914414990757381	-0.371081853986009	0.791420449885219	0.104182352526125	-0.485239669006982	-0.513329704255598	-0.537962249888823	0.788517151189031	-0.0736715750109274	-0.500042908038187	-0.513329704255598	-0.95130871773013	-0.0322947435448772	0.385041347481013	0.194173583433036	0.285424840459763	0.0264880942545432	0.35754410351414	0
closeness_residual_n	0.141868469739363	-0.01621017588629	1.27839743394947	-2.52256189933392	0.715456047497021	-0.320299221398123	0.440461467032264	-0.0635799621089055	0.25957229960286	-0.334442897933557	1.21759499840856	-0.670172654607879	1.01783478429737	-0.00356542159238291	-0.818825385368545	-0.856106271888575	-0.888083279707817	1.01258855645202	-0.263801383063644	-0.834448767193692	-0.856106271888575	-1.38346747205658	-0.205477934306793	0.405236794356379	0.130472817313395	0.264760876592761	-0.118886349430888	0.367859823077277	0
communitycent_n	2.03340519788721	-0.51642647910199	0.0625142609698936	-0.51642647910199	-0.51642647910199	1.50435238981558	-0.51642647910199	-0.51642647910199	-0.51642647910199	-0.51642647910199	0.0625142609698936	-0.51642647910199	-0.51642647910199	-0.51642647910199	-0.51642647910199	-0.51642647910199	-0.51642647910199	0.0625142609698936	-0.51642647910199	-0.51642647910199	-0.51642647910199	-0.51642647910199	-0.51642647910199	0.0625142609698936	-0.51642647910199	-0.51642647910199	0.0625142609698936	1.05498410109312	0
diffusion_degree_n	-0.253419253215479	-0.416875182911259	0.332665972180199	-0.509647467333188	-0.00455391881379667	-0.394786543763181	-0.166537272566371	-0.38889623999036	-0.316740018773304	-0.408039727252028	0.279653238224811	-0.45957988526421	-0.0516763489963638	-0.346191537637408	-0.475778220639468	-0.483141100355494	-0.474305644696263	0.0366782075959496	-0.387423664047154	-0.487558828185109	-0.483141100355494	-0.503757163560367	-0.421292910740874	-0.175372728225602	-0.328520626318946	-0.182735607941629	-0.321157746602919	-0.244583797556248	0
dmnc_n	-0.0740906315299005	-0.123265764231294	-0.0617136753914318	-0.123265764231294	-0.123265764231294	-0.123265764231294	-0.0990689632820077	-0.123265764231294	-0.0462680124500414	-0.123265764231294	1.80572670124689	-0.123265764231294	14.8264258432246	-0.123265764231294	-0.123265764231294	-0.123265764231294	-0.123265764231294	0.0263957936765936	-0.123265764231294	-0.123265764231294	-0.123265764231294	-0.123265764231294	-0.123265764231294	-0.123265764231294	-0.123265764231294	-0.0933334526497168	-0.123265764231294	-0.123265764231294	0
geokpath_n	-0.104863965544701	-0.24368532755874	1.5441876874326	-1.15625312311419	0.665229274259498	-0.620694921238974	0.353977167849072	-0.343782835958337	0.031765480227012	-0.631654502450609	1.44993528901254	-0.90052956150938	1.19055853367052	-0.278025348688529	-0.945098525103361	-0.96701768752663	-0.986744933707573	1.18690533993331	-0.568088931423127	-0.946559802598246	-0.96701768752663	-1.11899054699463	-0.531556994051012	0.201273669633629	-0.0617562794456041	0.118711491172647	-0.459954396801665	0.241458800742956	0
lincent_n	0.230335781347817	0.12528851283746	0.934362965235638	-4.72436708341654	0.577688296368062	-0.0791018530080915	0.398054765771279	0.0900996794297981	0.311662453309649	-0.0972280350941355	0.884636514210546	-0.333345737961931	0.77977632286197	0.119247735368094	-0.446158426860823	-0.470758286937655	-0.499886114963506	0.774708421382957	-0.0386152422097076	-0.464037840099843	-0.470758286937655	-0.908282461520934	0.00632764118419078	0.396329257849233	0.204194544101121	0.279113075831613	0.0460081952592403	0.369809289503827	0
semilocal_n	-0.244259905497136	-0.359602575403055	0.215921315184932	-0.43002923129135	0.0221301110208598	-0.364137387617931	-0.175619761183247	-0.323628411905439	-0.316621755327537	-0.366216617603747	0.200676726171606	-0.411100107353437	-0.0363392300774939	-0.351020814992323	-0.416329545004915	-0.418882700037778	-0.419572679150389	-0.0182371518099172	-0.356963463376365	-0.411578678724474	-0.418882700037778	-0.427294869622851	-0.365568455407051	-0.221523119048885	-0.281161010630888	-0.213645276722736	-0.345352299723728	-0.211296559945462	0
coreness_n	0.286975236358955	-0.383256959912077	0.622091334494471	-0.718373058047594	0.119417187291197	-0.215698910844319	0.119417187291197	-0.383256959912077	-0.383256959912077	-0.383256959912077	0.454533285426713	-0.383256959912077	0.119417187291197	-0.383256959912077	-0.550815008979835	-0.718373058047594	-0.383256959912077	0.286975236358955	-0.215698910844319	-0.718373058047594	-0.718373058047594	-0.718373058047594	-0.718373058047594	-0.215698910844319	-0.383256959912077	0.286975236358955	-0.0481408617765611	-0.215698910844319	0
hub_score_n	-0.152083966053829	-0.17221331484592	-0.125312750852247	-0.177124716349312	-0.156576328642515	-0.172418265778997	-0.159819060253854	-0.0520991563671972	-0.167496783278563	-0.174462101339636	-0.127247566611313	-0.172836831011734	0.0501795900508575	-0.17035091304194	-0.176568407321429	-0.176648292898449	-0.176739317554771	-0.13924145028347	-0.170906731353942	-0.172312810272011	-0.176648292898449	-0.177019238712787	-0.1738172098177	-0.161988371116019	-0.16981383544543	-0.164303377980897	-0.174593667783227	-0.151682484971227	0
eccentricity_n	0.186549824460118	0.186549824460118	-0.576962892462901	-5.15803919400101	-0.576962892462901	0.186549824460118	0.186549824460118	0.186549824460118	0.186549824460118	0.186549824460118	0.186549824460118	0.950062541383136	0.186549824460118	0.186549824460118	0.186549824460118	0.186549824460118	0.186549824460118	0.186549824460118	0.186549824460118	0.186549824460118	0.186549824460118	0.950062541383136	0.186549824460118	0.186549824460118	0.186549824460118	0.186549824460118	0.186549824460118	0.186549824460118	0
subgraph_centrality_n	-0.0941706935817341	-0.0942255853808576	-0.0939832250634319	-0.0942277797594032	-0.0941893372047519	-0.0942257623497498	-0.0942004432923847	-0.0928054087376433	-0.094219346164472	-0.0942271301557673	-0.0939990785017262	-0.0942261070084342	-0.0895271802705239	-0.094223582843419	-0.0942277515406594	-0.0942277590549448	-0.0942277662316538	-0.094097210411789	-0.0942242604169121	-0.094225507734002	-0.0942277590549448	-0.0942277787470957	-0.0942267836773666	-0.0942069398746441	-0.094222861116113	-0.0942127436123753	-0.0942271968543188	-0.0941688916796376	0
pc_n	0.455580601333342	1.23165059735059	1.01599409562179	-1.09655939070115	1.04159263914228	-1.09655939070115	0.110660603103457	1.08613747309735	1.04159263914228	0.649598100337655	1.40411059646553	0.455580601333342	1.65085738190284	1.08613747309735	0.649598100337655	-1.09655939070115	-1.09655939070115	1.31084141327072	0.213058727577955	-1.09655939070115	-1.09655939070115	-1.09655939070115	-1.09655939070115	0.0209814035636869	0.455580601333342	0.110660603103457	0.859136999262311	1.08613747309735	0
gilschmidt_n	-0.124915437078689	-0.172807843664959	0.197178592560139	5.95148501751928	0.0375474717020845	-0.263394353903413	-0.0411568658598661	-0.186656207705711	-0.090665918678906	-0.268602104003161	0.177186028118232	-0.373392427892357	0.12450745120221	-0.169836710047955	-0.42228623404427	-0.434317199580826	-0.444867321891744	0.123263968015125	-0.246011568989969	-0.428626463133963	-0.434317199580826	-0.621903664681736	-0.22828986700655	-0.0495447681180289	-0.131293454831245	-0.0922105302731344	-0.20311317037919	-0.0613218410760398	0
