TFAP2A	SERPINB8	LDLRAP1	MAP3K2	SORL1	ACAN	FGF13	STYXL1	DPP4	GPC3	ZNF8	ECM1	SRPRB	SDC4	MATN2
spl	-3.99951342946319	-0.157804211325403	-3.99951342946319	0.116933699393016	0.592100152326548	0.36369918006927	0.0980827139298206	1.10533343396962	1.58305389138526	-3.99951342946319	0.613261903749744	0.225418080252165	-0.22080298855078	-0.233451391700279	0.53992548933487
degree_centrality	-0.534913928958064	-0.166189554497346	-0.534913928958064	-0.314141654594437	-0.534913928958064	0.423885032218002	-0.387539766751978	-0.534913928958064	-0.387539766751978	-0.534913928958064	-0.461515816800523	-0.461515816800523	-0.314141654594437	-0.166189554497346	-0.314141654594437
average_neighbor_degree	-1.0361961592743	-0.365203666678245	-1.0361961592743	-0.625384420729535	-0.707546768438488	-0.733956088619054	-0.365203666678245	-0.584303246875059	-0.99511498541982	-1.0361961592743	-0.645925007656773	0.0729955347965582	0.627591381831985	0.0524549478693201	-0.57403295341144
betweenness	-0.250839860020807	0.149712737514603	-0.250839860020807	-0.169074651619485	-0.250839860020807	0.394815525139543	-0.237580663949053	-0.250839860020807	-0.0131537339519899	-0.250839860020807	-0.103339015091468	-0.250839860020807	-0.184587694282131	0.0459087260446983	-0.248366689771746
eigenvector	-0.142410898032641	-0.131591743487173	-0.142410898032641	-0.14053319352475	-0.142232069031889	-0.142053240031138	-0.140890851526253	-0.142321483532265	-0.142410898032641	-0.142410898032641	-0.142321483532265	-0.141695582029635	-0.0838444002865148	-0.108343973389474	-0.141963825530762
cluster_coefficient	-0.559328249783801	-0.559328249783801	-0.559328249783801	-0.559328249783801	-0.559328249783801	-0.325210252911171	-0.559328249783801	-0.559328249783801	-0.559328249783801	-0.559328249783801	-0.559328249783801	3.70162355424987	-0.559328249783801	-0.559328249783801	0.150831804539079
harmonic_centrality	-4.01682377427474	0.411284978616641	-4.01682377427474	0.0945383692536556	-0.372006876353198	-0.114590791972836	0.11453522976456	-0.74212237187456	-1.03114526608717	-4.01682377427474	-0.37991885760446	-0.0158218410205078	0.51410431340594	0.520117354439008	-0.302826088111583
markovcent	-2.06317627905331	0.465470649496091	-2.06317627905331	0.144916253235281	-1.01603820299579	1.01352494390989	0.0793384637467553	-1.01859599083724	-0.931327880230364	-2.06317627905331	-0.961139153082424	-0.294157515483001	0.378518489038032	0.645870504328935	0.274885790838549
closeness_latora	-4.01679873303718	0.411313796933039	-4.01679873303718	0.0945669164177014	-0.371978726036461	-0.11456242420059	0.114563794195029	-0.742094538305463	-1.03117375272952	-4.01679873303718	-0.379890715941161	-0.0157933888734956	0.514133217831451	0.520146265589411	-0.302797878800933
closeness_residual	-2.25497305552343	0.42819000426427	-2.25497305552343	-0.0654470900966263	-0.747189573942835	-0.364742959941863	-0.0341038140230399	-1.20169263371078	-1.51178150189155	-2.25497305552343	-0.751795160470857	-0.229249402073675	0.60675332867079	0.608633763824463	-0.637403367045311
communitycent	-0.463477648784388	-0.463477648784388	-0.463477648784388	-0.463477648784388	-0.463477648784388	-0.463477648784388	-0.463477648784388	-0.463477648784388	-0.463477648784388	-0.463477648784388	-0.463477648784388	0.126907633049567	-0.463477648784388	-0.463477648784388	0.126907633049567
diffusion_degree	-0.487008017568129	-0.283331961990978	-0.487008017568129	-0.400257105007491	-0.471920902340192	-0.243728284517643	-0.387055879183046	-0.466263234129716	-0.473806791743684	-0.487008017568129	-0.447404340094794	-0.381398210972569	-0.17017859778145	-0.168292708377958	-0.39082765799003
dmnc	-0.214905655225139	1.53421093839464	-0.214905655225139	-0.214905655225139	-0.214905655225139	-0.0421713591969668	-0.214905655225139	-0.214905655225139	-0.214905655225139	-0.214905655225139	-0.214905655225139	-0.214905655225139	-0.214905655225139	1.53421093839464	-0.214905655225139
geokpath	-1.03823379600608	0.199355893027522	-1.03823379600608	-0.409141306572965	-0.911853608396751	-0.589818167377417	-0.356716932453538	-0.998915515416513	-1.02325540340053	-1.03823379600608	-0.858493084739477	-0.543946840022918	0.531688978963172	0.472711558078817	-0.781728822636032
lincent	-4.13266281217124	0.425692848247471	-4.13266281217124	0.121301059679293	-0.319174195712615	-0.119422449547125	0.140882498299296	-0.702822129261172	-0.996536567732788	-4.13266281217124	-0.336680278291327	0.0120092493666388	0.501729720265247	0.517302443527726	-0.27531537424011
semilocal	-0.406965915339512	-0.252973519084084	-0.406965915339512	-0.348064294984773	-0.397510241885231	-0.348531581172921	-0.344137520294457	-0.402155616343875	-0.405516935478785	-0.406965915339512	-0.395955239107866	-0.365762268514027	-0.149444104373905	-0.182358329828133	-0.371962645750036
coreness	-0.664177921120116	-0.300790433838746	-0.664177921120116	-0.300790433838746	-0.664177921120116	0.0625970534426247	-0.300790433838746	-0.664177921120116	-0.482484177479431	-0.664177921120116	-0.664177921120116	-0.482484177479431	-0.119096690198061	0.0625970534426247	-0.119096690198061
hub_score	-0.141895056461185	-0.131167023922108	-0.141895056461185	-0.140010523432447	-0.141685986046198	-0.141541972217642	-0.140406708945463	-0.141792587300599	-0.141890965781338	-0.141895056461185	-0.141777455373328	-0.141192413885529	-0.0834160704412748	-0.107796405121871	-0.141486436351379
eccentricity	-4.78240978063309	-0.104393651028562	-4.78240978063309	-0.104393651028562	0.415385918927497	0.415385918927497	0.415385918927497	0.415385918927497	0.935165488883556	-4.78240978063309	0.415385918927497	0.415385918927497	-0.104393651028562	0.415385918927497	0.415385918927497
subgraph_centrality	-0.0893274202022177	-0.0893172453578774	-0.0893274202022177	-0.0893271094663346	-0.0893274163774602	-0.0893274092944541	-0.0893272263981898	-0.0893274192831442	-0.0893274202007534	-0.0893274202022177	-0.0893274189921693	-0.0893273769944355	-0.08902823261318	-0.0892257014541746	-0.0893274055926656
pc	-1.0058833769485	0.82219311336655	-1.0058833769485	1.27921223594531	-1.0058833769485	1.71757751678617	0.619073503331543	-1.0058833769485	1.43155194347157	-1.0058833769485	0.82219311336655	-1.0058833769485	-1.0058833769485	1.43155194347157	-1.0058833769485
gilschmidt	5.30506371721646	-0.087031472253314	5.30506371721646	-0.215233019028914	-0.404064785601384	-0.299876962166717	-0.207139393426144	-0.553867112120944	-0.670870324179732	5.30506371721646	-0.407267119724469	-0.259900741779443	-0.0454158807238801	-0.0429821329245282	-0.376064220581105
spl_n	-0.765220106718389	1.35240255557579	-0.00497169524559572	-0.46530683462584	-0.0164496908006944	1.61275050181372	-0.333242368121324	0.217701418523248	0.190829405400147	0.499384932969475	-0.251546046817411	1.18212311563491	-0.364300473740998	-0.184028425905093	-0.15715641278198
degree_centrality_n	0.0944157496119145	-0.540244776893258	-0.41352654203081	-0.0323024852505337	-0.349900086551353	-0.540244776893258	0.158042205091372	-0.349900086551353	-0.159555396209448	-0.41352654203081	-0.223181851688905	-0.540244776893258	-0.0323024852505337	-0.286273631071896	-0.286273631071896
average_neighbor_degree_n	1.24543778311435	-0.958240386285857	-0.339489913937379	0.873746294221394	-0.257596469067727	-0.885446213068389	-0.236364847344994	-0.339489913937379	-0.760656217437195	-0.69132842995417	0.139738405209982	-0.849049126459655	0.105363358747796	0.00264270018472124	0.242863471802366
betweenness_n	0.640181130610881	-0.259264592921767	-0.24403574394632	-0.186895228572723	-0.228263560501874	-0.259264592921767	0.237555142816942	-0.24996727246529	-0.0387154627385286	-0.249467474322256	0.115592253829161	-0.259264592921767	-0.12152318414118	-0.194646869228579	-0.18657893451968
eigenvector_n	-0.0280088529589972	-0.177609871030147	-0.166424748183705	-0.124760165580712	-0.163535258115042	-0.1777030803872	0.294868359874935	0.0299673671283891	-0.174533962247375	-0.164187723614417	-0.146943992559487	-0.177609871030147	-0.0769437654121769	-0.170059913108799	-0.166238329469598
cluster_coefficient_n	-0.36027685868357	-0.590894368992731	-0.590894368992731	0.34866534089676	-0.590894368992731	-0.590894368992731	-0.526831365670622	-0.590894368992731	-0.188225921897235	-0.590894368992731	-0.309024764816714	-0.590894368992731	-0.590894368992731	-0.590894368992731	0.254710215512395
harmonic_centrality_n	1.20035695809777	-0.969611332196907	0.157305923818173	0.755655430707168	0.174857973840237	-1.12222353635147	0.573324769669903	-0.0538756051023758	-0.026629398779356	-0.329293332752407	0.465409723383353	-0.856488938477852	0.62198304146408	0.37107090884397	0.350645903758185
markovcent_n	0.930122838252406	-1.13382242147747	-0.229730377229684	0.825829302241087	0.0445756841990379	-1.1126783270733	0.997288529779775	-0.00959157216300789	0.378104066202608	-0.247264030724088	-0.030152578384453	-1.09962546156937	0.834756251291199	0.283570666832215	0.279785865596256
closeness_latora_n	1.20038853374784	-0.970572136746326	0.157332294564566	0.755684785686425	0.174884430841821	-1.12525022280763	0.573353216095617	-0.0538502888505188	-0.0267969490527534	-0.329269389857082	0.465437631129874	-0.856467626987884	0.622011730236521	0.371098345100558	0.350673238983378
closeness_residual_n	1.66008453088805	-1.40082037954502	0.0696703817724802	0.969888489520319	0.0944986835167477	-1.56334774951572	0.689320993029371	-0.227269957664378	-0.189796901626203	-0.61045597684448	0.530243065909367	-1.26945329694145	0.768187363275868	0.384732306770363	0.358174479362795
communitycent_n	-0.51642647910199	-0.51642647910199	-0.51642647910199	0.0625142609698936	0.0625142609698936	-0.51642647910199	0.351984631005835	-0.51642647910199	0.0625142609698936	-0.51642647910199	-0.51642647910199	-0.51642647910199	0.0625142609698936	-0.51642647910199	0.0625142609698936
diffusion_degree_n	0.581531306581882	-0.502284587617162	-0.406567151308822	0.247256567474296	-0.35797214518305	-0.499339435730751	-0.0384231655075168	-0.371225328671897	-0.384478512160744	-0.449271853661774	-0.184208183884834	-0.497866859787546	-0.0325328617346959	-0.266672436704326	-0.218077430578554
dmnc_n	-0.123265764231294	-0.123265764231294	-0.123265764231294	-0.063401141068139	-0.123265764231294	-0.123265764231294	-0.123265764231294	-0.123265764231294	-0.123265764231294	-0.123265764231294	-0.123265764231294	-0.123265764231294	1.80572670124689	0.35898235213825	0.0282823187973247
geokpath_n	2.04175267444082	-1.1029164945509	-0.151624845381009	1.02251162175879	-0.169890814067066	-1.11752926949975	0.657192248037632	-0.510368470375185	-0.428536930661645	-0.833310796744687	0.452613398753785	-1.05396369847227	0.790168500072133	0.209310695855494	0.186660894684783
lincent_n	1.16057295471249	-0.932434241267489	0.187400580511795	0.733964035425171	0.199695273746286	-1.09133202736159	0.565109929386645	-0.0395342743218848	-0.0132662387209017	-0.298239467383755	0.465784925147666	-0.820773564213006	0.603874005566719	0.386469144121984	0.355571484496034
semilocal_n	0.59706624162403	-0.427668898704099	-0.333866586818839	0.194297323332442	-0.33912390241426	-0.428407664218612	-0.00581288145891605	-0.300759205223454	-0.36316862906588	-0.400847993468065	-0.14959570051161	-0.42639115960667	-0.0637920353762561	-0.252593087574369	-0.276770234459722
coreness_n	0.622091334494471	-0.718373058047594	-0.383256959912077	0.454533285426713	-0.215698910844319	-0.718373058047594	0.286975236358955	-0.215698910844319	-0.0481408617765611	-0.383256959912077	-0.383256959912077	-0.718373058047594	0.286975236358955	-0.0481408617765611	-0.0481408617765611
hub_score_n	-0.027761911863133	-0.177018673652619	-0.165849740599707	-0.12462745576144	-0.162981813083873	-0.177112670385053	0.296009956657739	0.0308505685827556	-0.173966887208433	-0.16360211301325	-0.146529649211903	-0.177068343799816	-0.0764969448639468	-0.169510880324796	-0.165720244916536
eccentricity_n	-0.576962892462901	0.950062541383136	0.186549824460118	-0.576962892462901	0.186549824460118	1.71357525830616	-0.576962892462901	0.186549824460118	0.186549824460118	0.186549824460118	0.186549824460118	0.950062541383136	0.186549824460118	-0.576962892462901	0.186549824460118
subgraph_centrality_n	-0.0921970965208695	-0.0942277787267535	-0.0942162143876789	-0.0939736491956515	-0.0942095860071743	-0.0942277797461746	-0.0738593611295514	-0.0902916931249712	-0.0942268723318647	-0.0942111412492823	-0.0941422668387501	-0.094227779470232	-0.0933063353357435	-0.0942224945005023	-0.0942158937674693
pc_n	1.61647869454922	-1.09655939070115	0.455580601333342	0.196890602660928	1.08613747309735	-1.09655939070115	1.61968559535921	1.08613747309735	1.46922304511097	1.23165059735059	1.03763309834628	-1.09655939070115	0.196890602660928	0.0209814035636869	0.859136999262311
gilschmidt_n	0.299668531598089	-0.630154189405165	-0.147072583364775	0.109201861850066	-0.139555001247988	-0.696402832605407	0.0311092282681068	-0.237522109700377	-0.225935160952376	-0.35548414438608	-0.0151110299868266	-0.581283213903701	0.0519496758328131	-0.0555165577448841	-0.0642646331959007
