DCAF4	POLD3	REV1	CUL4A	SF3B1	TAF1A	TUBA8	GTF2E2	ELAVL2
spl	0.585411092968641	-0.285017958386694	-0.144790950392746	-0.287936820651959	-0.596120028159914	0.947471633123003	0.452602859898917	-0.0275499827377849	-0.0624547106599539
degree_centrality	-0.534913928958064	0.571259194424088	-0.0927914423398056	0.0551606577572846	2.19353085447304	-0.534913928958064	-0.461515816800523	-0.166189554497346	-0.0927914423398056
average_neighbor_degree	-0.666465594584011	0.3656988985097	-0.261522589292579	0.223626519290028	0.687050958271391	-0.954033811565344	-0.78970911614744	-0.228266393109209	-0.232178881944761
betweenness	-0.250839860020807	-0.24753957877402	-0.21524217666014	-0.197586988385454	0.384250570772944	-0.250839860020807	-0.250140702551911	-0.241616130543597	-0.07273197363899
eigenvector	-0.142053240031138	-0.0521022526531183	-0.116391278423293	-0.0958259433368673	0.263799177174458	-0.142321483532265	-0.140443779024374	-0.118447811931936	-0.0926070213233397
cluster_coefficient	-0.559328249783801	2.4943552967576	0.252280806041316	-0.322606811358907	0.543789562762476	-0.559328249783801	-0.559328249783801	0.292862111022933	-0.356425985827522
harmonic_centrality	-0.349918554027626	0.614354541022737	0.406204713632501	0.626578582589688	1.11201697311288	-0.634721827588179	-0.247258096009579	0.281477428201369	0.307853508662072
markovcent	-1.00830165186237	1.30573770979289	0.76580289124231	1.01482989835069	1.57515362742642	-1.24369588151484	-0.59238856225209	0.674776836885772	0.673879458141341
closeness_latora	-0.349890386632044	0.614383531684296	0.40623352559806	0.626607584123872	1.11204638830558	-0.634693901423952	-0.247308344121976	0.281506135487937	0.307882238852064
closeness_residual	-0.70414670919497	0.764661458356429	0.423369203412509	0.793677729554584	1.58438591568906	-1.07525421851393	-0.573393246807141	0.23611122032692	0.268748472521989
communitycent	-0.463477648784388	0.126907633049567	2.18676836911859	-0.463477648784388	0.126907633049567	-0.463477648784388	-0.463477648784388	-0.463477648784388	-0.463477648784388
diffusion_degree	-0.4700350129367	0.599264278843344	-0.215439943465261	0.0636716882515758	2.65865550745676	-0.483236238761145	-0.460605565919239	-0.245614173921135	-0.2060104964478
dmnc	-0.214905655225139	-0.0443216179277715	-0.095907877060657	-0.214905655225139	-0.107970679536577	-0.214905655225139	-0.214905655225139	-0.214905655225139	-0.214905655225139
geokpath	-0.847259290285315	0.755428718508581	0.199355893027522	0.805980793552314	1.88442506115195	-0.974575627432493	-0.826664000452683	0.0476996678963235	0.0308489762150792
lincent	-0.313607051693407	0.581888775729999	0.410296099123565	0.5855982711745	1.01305936411211	-0.593295262505888	-0.199610719789153	0.276130248935571	0.315238496960408
semilocal	-0.393359641037567	0.683448368090237	-0.182833469565661	0.119312208980695	2.60928396688469	-0.402646463180164	-0.387441991579261	-0.162814772194431	-0.122761670353209
coreness	-0.664177921120116	1.51614700256811	0.0625970534426247	0.60767828436468	2.7880032080529	-0.664177921120116	-0.482484177479431	-0.119096690198061	0.0625970534426247
hub_score	-0.141567763996979	-0.0517705254923973	-0.115930114465406	-0.0955383095931088	0.260729223490844	-0.141827290396536	-0.139915853146332	-0.118059987850921	-0.0924403050086989
eccentricity	0.415385918927497	-0.104393651028562	-0.104393651028562	-0.104393651028562	-0.104393651028562	0.415385918927497	0.415385918927497	-0.104393651028562	-0.104393651028562
subgraph_centrality	-0.0893274108122337	-0.0886166151726518	-0.0892684375570303	-0.0891388934341676	-0.0749936654171683	-0.0893274197995697	-0.0893270775023104	-0.0892775205948708	-0.0891122766120975
pc	-1.0058833769485	-1.0058833769485	0.635654695987465	1.251001178996	-0.00829038915884459	-1.0058833769485	0.82219311336655	0.00971467322653026	-0.11049897352888
gilschmidt	-0.395124652480765	-0.00484012105179571	-0.0890876839581468	0.000107496516127095	0.196586165729081	-0.510397298778146	-0.353605138540186	-0.139570404771013	-0.128894822919379
spl_n	0.00623622982584514	0.353816942282502	-0.550108966491718	-0.824365542637585	-0.258567879392291	0.000699784911030574	-0.358088852617068	-0.322979689742655	-0.0773505848636132
degree_centrality_n	-0.223181851688905	-0.477152997510267	0.221668660570829	1.36427147871873	-0.223181851688905	-0.223181851688905	-0.223181851688905	0.221668660570829	0.0307892941324573
average_neighbor_degree_n	-0.187835374268625	-0.375887000546113	1.18358817744304	0.853395263612073	0.928341924134495	-0.673129886649803	0.46124599145477	0.632032332125626	0.0463192041152022
betweenness_n	-0.254492709393927	-0.259264592921767	-0.209967811210297	0.305826471978288	-0.237664783099189	-0.244659964980409	0.127968488894617	-0.250317713057175	0.0366221822195837
eigenvector_n	-0.11963365094276	-0.162137117759236	0.472898231847456	0.763245379069655	0.00890205243425836	-0.164280932971471	-0.104440525743011	0.0343482069099118	0.029128482914906
cluster_coefficient_n	1.66404978034663	3.6371285535329	1.19788488500065	0.181971309153264	1.10031480001752	1.10031480001752	-0.590894368992731	1.3604988746239	-0.0271593886636208
harmonic_centrality_n	0.171797530803131	-0.181145879785189	0.891572142682525	1.35152073873988	0.478293908123894	0.162067531928383	0.611919425952638	0.596611700978853	0.276789992243473
markovcent_n	0.460334966057507	-0.560439349808973	1.14440967958328	1.65836777588657	0.487417951881892	0.341326355311832	0.275425473787572	1.16223943668997	0.809280270792421
closeness_latora_n	0.171823973526744	-0.18112119845753	0.891602176500699	1.35155306776244	0.478321880709445	0.162093924999814	0.611948064290555	0.596640263377693	0.276816959615018
closeness_residual_n	0.0991876197594731	-0.397455282933133	1.18112122386474	1.8889199930945	0.550440082266352	0.0796824136678079	0.756119117536394	0.734596131504212	0.251693349358936
communitycent_n	-0.51642647910199	0.0625142609698936	6.45219780751092	0.0625142609698936	-0.51642647910199	-0.51642647910199	-0.51642647910199	0.0625142609698936	0.782278424302504
diffusion_degree_n	-0.263727284817916	-0.444854125832158	0.747932388164072	2.07914104082159	0.00722668873184511	-0.381533360274333	-0.106161658894957	0.457834927352643	-0.00308134287059145
dmnc_n	-0.0990689632820077	-0.123265764231294	-0.0624343594035027	-0.00134980411126008	-0.0756412724187647	-0.123265764231294	0.35898235213825	-0.0624343594035027	-0.0904569425773752
geokpath_n	-0.0588337244558348	-0.573934041402666	1.34545394812829	2.18276595269718	0.470879367439842	-0.0982882168177198	0.821585966212153	0.739023787751172	0.0631829463670315
lincent_n	0.175454246556744	-0.168216491375058	0.848189725330537	1.25269555791369	0.474175254173623	0.181348179751806	0.596075824835294	0.552424556029472	0.265972469524088
semilocal_n	-0.212200269961644	-0.3574931443113	0.909694151334991	2.24375366501673	0.0763039255898566	-0.31140161032404	-0.084356665358878	0.516052936523037	0.0590033382106671
coreness_n	0.119417187291197	-0.550815008979835	0.789649383562229	1.2923235307655	0.119417187291197	-0.0481408617765611	-0.215698910844319	1.12476548169775	0.454533285426713
hub_score_n	-0.119389750481114	-0.161555966738704	0.473527685905586	0.758694112017168	0.00557852046727367	-0.163790519301334	-0.103913577378109	0.0315617834788703	0.0256125764575029
eccentricity_n	0.186549824460118	0.186549824460118	-0.576962892462901	-0.576962892462901	0.186549824460118	0.186549824460118	-0.576962892462901	-0.576962892462901	0.186549824460118
subgraph_centrality_n	-0.0939225174126402	-0.0942057066840147	-0.0557206285238262	-0.0140957957722509	-0.0909172002624041	-0.0942114827835167	-0.0937401293538933	-0.0900552760210007	-0.090182851769052
pc_n	0.649598100337655	-1.09655939070115	0.515278293334672	1.35278535219199	-0.126471895679589	-1.09655939070115	0.649598100337655	-0.600609334074739	-1.09655939070115
gilschmidt_n	-0.140865795490791	-0.292032255869171	0.167415296978692	0.364412320026394	-0.0095927043142304	-0.145033176466305	0.0476394064758791	0.0410830734704641	-0.0958972866929502
