GRIA2	GYS1	WT1	RASGRF1	HNRNPUL1	LIPE	KHDRBS3	PPP1CB	GRIK2	GRIA1	HAUS2	TAF15	TK1	SF1	USP8	DDX17	LASP1	CEP72	STOM
spl	0.776961429126898	2.60368273014088	-3.99951342946319	0.357861455538731	-0.158898784674877	-0.103562020895819	0.725638100962589	-0.347408639306808	0.123136281706712	0.66300418152036	0.196837553904745	-0.19173598515915	-0.338287194727847	-0.285382816169852	-0.400313017864803	-0.300463604540404	0.299119352450198	0.323929681704984	0.333902461111323
degree_centrality	-0.534913928958064	-0.534913928958064	-0.534913928958064	-0.534913928958064	-0.0188153922912605	-0.461515816800523	-0.461515816800523	-0.0927914423398056	-0.387539766751978	-0.461515816800523	-0.166189554497346	-0.240165604545892	0.0551606577572846	0.423885032218002	-0.461515816800523	-0.240165604545892	-0.240165604545892	-0.387539766751978	-0.314141654594437
average_neighbor_degree	-0.419978551457155	-0.912952637710868	-1.0361961592743	-0.419978551457155	-0.199167241989346	0.586510207977509	-0.912952637710868	0.114076708651034	-0.324122492823769	-0.625384420729535	-0.714393644441291	0.237320230214463	0.0866892457209923	-0.0443792535135412	3.91408529019007	0.574185855821167	-0.477492194853421	-0.502140899166107	-0.861601170392773
betweenness	-0.250839860020807	-0.250839860020807	-0.250839860020807	-0.250839860020807	-0.186374496757424	0.0441226893721864	-0.248843949920722	-0.189447250484864	-0.220871078913146	-0.237883250689326	-0.205103552731577	-0.218370588168922	-0.0513837548878324	0.0169494673939608	-0.248262021414777	-0.22501788412411	-0.166518269268777	-0.247465518985314	-0.0919708769396332
eigenvector	-0.142321483532265	-0.142410898032641	-0.142410898032641	-0.141427338528507	-0.104230906372189	-0.137046028010095	-0.140712022525501	-0.130339940481912	-0.141248509527756	-0.142142654531513	-0.139102561518737	-0.105750952878577	-0.115944205921414	-0.0466479681301967	-0.043876118618548	-0.106734512382711	-0.141606167529259	-0.139549634020616	-0.136777784508967
cluster_coefficient	-0.559328249783801	-0.559328249783801	-0.559328249783801	-0.559328249783801	-0.407152617054543	-0.559328249783801	-0.559328249783801	-0.356425985827522	-0.559328249783801	-0.559328249783801	0.00879723710342026	-0.133233069380434	-0.559328249783801	-0.278386653536645	-0.559328249783801	-0.559328249783801	-0.133233069380434	0.860987597910154	-0.559328249783801
harmonic_centrality	-0.510694529269338	-1.5129214293962	-4.01682377427474	-0.154025478058568	0.438023670031719	0.340046290957405	-0.468076733258939	0.676318657915322	0.0914618837036889	-0.419194669274029	0.0196213384948407	0.46999309081834	0.681499857375119	0.600679127732563	0.737494942813866	0.603781865478156	-0.0808886980137766	-0.103621780575579	-0.123552286407038
markovcent	-0.974730195489189	-1.59948982037117	-2.06317627905331	-0.964445856480311	0.900471141548041	-0.91091584661987	-0.654394713583702	0.781699636108702	0.0897984797144597	-0.415805754812619	0.575450608029668	0.557633807851083	0.977818490577047	1.23700987528989	-0.324113759901448	0.592309676144392	0.496873855928842	0.0125072721868264	-0.187291290549835
closeness_latora	-0.510666497191313	-1.51289425404588	-4.01679873303718	-0.153997142605853	0.437934755170171	0.340075047291395	-0.46804866543669	0.676347702089652	0.0914904279349913	-0.419166559047156	0.0196498212772216	0.470021958263529	0.681528905967717	0.60070810665764	0.737524037922648	0.60381084779674	-0.0808603004179754	-0.103593401665338	-0.123523925641207
closeness_residual	-0.922355202213321	-1.9132806364463	-2.25497305552343	-0.434483161549592	0.479949049123578	0.316644420270176	-0.865866822589841	0.867469340806706	-0.0674781752769162	-0.803123776682687	-0.175257508605572	0.530250016939553	0.879349171477117	0.7361186586705	0.965133600919613	0.744070827932669	-0.324761518949189	-0.352505335458235	-0.388561805221713
communitycent	-0.463477648784388	-0.463477648784388	-0.463477648784388	-0.463477648784388	-0.463477648784388	-0.463477648784388	-0.463477648784388	-0.463477648784388	-0.463477648784388	-0.463477648784388	-0.463477648784388	0.126907633049567	1.72768838000727	-0.463477648784388	0.126907633049567	-0.463477648784388	-0.463477648784388	-0.463477648784388	-0.463477648784388
diffusion_degree	-0.458719676515747	-0.481350349357653	-0.487008017568129	-0.458719676515747	-0.15320559315002	-0.334250975885266	-0.471920902340192	-0.094743021641764	-0.381398210972569	-0.445518450691302	-0.379512321569077	-0.17960804479891	0.00709500614681156	0.19945572530301	-0.0287368925195391	-0.102286579255733	-0.343680422902727	-0.405914773217967	-0.44363256128781
dmnc	-0.214905655225139	-0.214905655225139	-0.214905655225139	-0.214905655225139	-0.214905655225139	-0.214905655225139	-0.214905655225139	-0.214905655225139	-0.214905655225139	-0.214905655225139	-0.214905655225139	-0.214905655225139	3.28332753201443	-0.147062656942307	-0.214905655225139	1.53421093839464	-0.214905655225139	-0.214905655225139	-0.214905655225139
geokpath	-0.922151253313067	-1.03168074924115	-1.03823379600608	-0.674071625783638	0.307949239417762	0.0608057614261801	-0.925895851464455	0.952020121456431	-0.401652110270189	-0.877216075496416	-0.469054876995166	0.37816045475628	0.947339373767196	0.614070138293699	0.992274551583847	0.665558362875279	-0.669390878094403	-0.599179662755886	-0.671263177170097
lincent	-0.466859918008994	-1.4816576624026	-4.13266281217124	-0.114042527022696	0.426992658917316	0.362194877814138	-0.427016435491287	0.662470384294019	0.114897287566359	-0.377203881479934	0.0402542512586672	0.466334453152422	0.650518045596556	0.582352143818881	0.732988576813838	0.601584661690138	-0.0590937839793545	-0.0824840887702806	-0.0918106090601099
semilocal	-0.399885940572872	-0.406867745972254	-0.406965915339512	-0.37649021696797	-0.106528383783443	-0.262562702877835	-0.399371533088441	-0.00705532732836072	-0.346560340278382	-0.397035102147703	-0.342386178782577	-0.145917860702002	-0.0516124397393751	0.220454144679161	0.114957415849135	-0.0598822272371804	-0.365911485952259	-0.350769842746401	-0.385651382320477
coreness	-0.664177921120116	-0.664177921120116	-0.664177921120116	-0.664177921120116	0.24429079708331	-0.664177921120116	-0.482484177479431	0.0625970534426247	-0.300790433838746	-0.482484177479431	-0.119096690198061	-0.119096690198061	0.24429079708331	0.789372028005366	-0.482484177479431	0.0625970534426247	-0.119096690198061	-0.300790433838746	-0.482484177479431
hub_score	-0.141798096397346	-0.14189485615269	-0.141895056461185	-0.140914801568327	-0.104019385601496	-0.136561917173175	-0.140200056903272	-0.129843610569557	-0.140739219115302	-0.141666497318477	-0.138559004678258	-0.105358228932907	-0.11548642798481	-0.0468556314575264	-0.0433861053463438	-0.106471308003158	-0.141110474394441	-0.139024939629507	-0.136278746297684
eccentricity	0.415385918927497	1.45494505883962	-4.78240978063309	0.415385918927497	-0.104393651028562	-0.104393651028562	0.415385918927497	-0.104393651028562	0.415385918927497	0.415385918927497	0.415385918927497	-0.104393651028562	-0.104393651028562	-0.104393651028562	-0.104393651028562	-0.104393651028562	0.415385918927497	0.415385918927497	0.415385918927497
subgraph_centrality	-0.0893274193794099	-0.0893274202022142	-0.0893274202022177	-0.0893273361092812	-0.0892008957378476	-0.0893249317440525	-0.0893271688601787	-0.089314706342559	-0.0893273032297277	-0.0893274156319185	-0.0893264465387662	-0.0892104246887525	-0.0892663830353779	-0.0885314298156613	-0.088478474837588	-0.0892168500386174	-0.089327366337461	-0.0893266988999247	-0.0893246607175561
pc	-1.0058833769485	-1.0058833769485	-1.0058833769485	-1.0058833769485	1.50772179723469	0.82219311336655	0.82219311336655	-1.0058833769485	0.619073503331543	0.82219311336655	0.619073503331543	1.04156229220436	0.348247356618203	0.934116163794001	0.82219311336655	0.749070053753948	1.62654676910517	0.619073503331543	1.27921223594531
gilschmidt	-0.460197893374946	-0.865844030887921	5.30506371721646	-0.315837946180176	-0.0762567867470315	-0.115864961882516	-0.442948561851077	0.0202395339639421	-0.216478210714703	-0.423163799839864	-0.245555298640052	-0.0632696688894596	0.022336597556958	-0.0103751736413371	0.0450003172969912	-0.00911935633817007	-0.286236214098348	-0.295437311006326	-0.303504080275197
spl_n	-0.271126156881986	-0.337968601585189	-0.188484588885301	-0.382260160903674	-0.526477799172404	1.05627027025433	-0.214546390557464	-0.593725349601076	-0.407376715883064	-0.00645708290567231	0.857903500013917	-0.448562464639584	-0.359574240277133	-0.546327979720626	-0.826121000781308	-0.0593908977009375	0.606062774010945	0.933388200193899	-0.0445370211002277
degree_centrality_n	0.0307892941324573	-0.223181851688905	-0.159555396209448	-0.223181851688905	0.475639806392191	-0.477152997510267	-0.0323024852505337	0.665984496734096	0.0944157496119145	-0.223181851688905	-0.41352654203081	0.0307892941324573	-0.159555396209448	0.665984496734096	0.348386895433277	-0.349900086551353	-0.41352654203081	-0.41352654203081	-0.159555396209448
average_neighbor_degree_n	-0.277614866702531	0.0305471453837795	-0.313491984531972	0.594701987819157	0.514771110256535	-1.08563018941643	-0.602357753578883	-0.246677343085107	-0.0383867528279662	-0.5093429969105	-0.970372736356406	0.785180062272503	0.284460137012764	0.859794089820408	1.87102646730071	0.415749633193853	-0.812652039850921	-1.00676982296514	-0.531874504184377
betweenness_n	-0.112246563434877	0.717075838607735	0.179649977242527	-0.251174413315388	-0.0676159648148129	-0.25061596352171	-0.141164323258306	0.208065934476695	0.0678911373036639	-0.200363391411885	-0.255115972275132	-0.17029225743079	-0.133055590412697	0.193421605877344	0.312656233905414	-0.254506349551768	-0.249569131392022	-0.255610502393302	-0.0603034791850464
eigenvector_n	-0.168848191467101	-0.145918689631897	-0.135665660355993	-0.138368731710549	0.193270160686429	-0.177516661673093	-0.15943404640468	-0.0595136156431395	-0.159527255761733	-0.17313582189157	-0.177143824244878	-0.0367705325220427	-0.1523501352686	0.391340044425489	0.521646725586528	-0.105652247384709	-0.177330242958986	-0.177516661673093	-0.151138413626903
cluster_coefficient_n	-0.309024764816714	-0.590894368992731	-0.590894368992731	1.10031480001752	-0.031302851127696	-0.590894368992731	-0.238560534789902	-0.346112981893109	-0.206529033128848	-0.309024764816714	-0.590894368992731	0.254710215512395	-0.590894368992731	0.499491602612017	-0.0674228509548324	-0.590894368992731	-0.590894368992731	-0.590894368992731	-0.389560145444983
harmonic_centrality_n	0.486011185285959	0.567366557835838	0.381015965477474	0.622953560904634	0.860438348809029	-0.779261946742503	0.40904244721553	0.941035503624977	0.668821589307216	0.173537296818169	-0.623894424630099	0.751707184533652	0.602489954876917	0.894202467886106	1.31228642360115	0.250111761944875	-0.428363424932476	-0.686570989669546	0.216099496271373
markovcent_n	0.903072298394193	0.176372698995602	0.24216801230236	0.481383306377426	1.34015968094975	-1.02733788035785	0.782748128725511	1.39227277045539	0.966046564208463	0.331427500539136	-0.419347222273414	0.947459293169613	0.61474089096738	1.45265367610945	1.19697000127918	0.0918695707836126	-0.414057454814382	-0.491384366017322	0.411342148822769
closeness_latora_n	0.486039196047201	0.567394974421855	0.381043452790153	0.622982253637343	0.860468226949515	-0.779240249291702	0.409070073157467	0.941065783917283	0.668850513000906	0.173563747009456	-0.623871951986057	0.75173652003311	0.602518547157624	0.894232515490424	1.31231855641695	0.250138594767581	-0.428339977465405	-0.686548831120004	0.216126161038991
closeness_residual_n	0.555417272786294	0.683767293954996	0.399164237583014	0.766342535901681	1.13157992208709	-1.1875890822119	0.440884239972181	1.25168587092739	0.834408979228457	0.0952097107338822	-0.992306417873479	0.968543302893308	0.736556260589286	1.18073688482845	1.83384420919429	0.215411744333257	-0.746588863498033	-1.0741321986994	0.156492570070158
communitycent_n	0.0625142609698936	0.0625142609698936	-0.51642647910199	-0.51642647910199	0.448474754351151	-0.51642647910199	-0.51642647910199	-0.51642647910199	0.0625142609698936	-0.51642647910199	-0.51642647910199	0.904609882892631	-0.51642647910199	0.0625142609698936	0.0625142609698936	-0.51642647910199	-0.51642647910199	-0.51642647910199	0.0625142609698936
diffusion_degree_n	-0.134140601815856	-0.210714550862528	-0.257836981045095	-0.0737649881444421	0.675776166947016	-0.502284587617162	-0.29023365179561	0.269345206622375	0.0101718406182556	-0.341773809807793	-0.483141100355494	0.295851573600069	-0.0884907475764943	1.16467138009115	1.35905140459424	-0.249001525385864	-0.463997613093826	-0.487558828185109	-0.319685170659714
dmnc_n	-0.123265764231294	0.35898235213825	0.841230468507795	-0.0904569425773752	-0.110971981055946	-0.123265764231294	-0.123265764231294	-0.0506753613834342	-0.123265764231294	-0.123265764231294	-0.123265764231294	-0.0990689632820077	0.841230468507795	-0.0197961452632007	-0.0990689632820077	-0.123265764231294	-0.123265764231294	-0.123265764231294	0.0282823187973247
geokpath_n	0.439461901299823	0.725141651549768	0.22684602579411	0.805511913768422	1.2972317907971	-1.1029164945509	0.351785251606745	1.51715405377724	0.853003432352172	-0.142857180411701	-1.02327687107969	1.03420184171787	0.75436720144746	1.29650115204966	2.22148980631163	0.0310348414795697	-0.939984053871265	-1.0788054158853	-0.0741771381521234
lincent_n	0.489248841289242	0.570972402307905	0.391629227374734	0.626550002052897	0.815881830381704	-0.733928144652516	0.422017702270216	0.908820744314241	0.658587787671043	0.188988200508954	-0.588919051534344	0.711961037597514	0.59793853085331	0.842995175735983	1.25547386415783	0.246242642093155	-0.38891228625455	-0.645323970959566	0.230042169454056
semilocal_n	-0.196997497864233	-0.165390878917829	-0.236890835647964	-0.0344923162912101	0.684029164595052	-0.426017130525422	-0.257267289508964	0.229525751829559	-0.0305359714131707	-0.321735034879249	-0.420792339197935	0.292292942619265	-0.138825521501281	1.07189964501062	1.42532692568349	-0.178721182447007	-0.414038907277524	-0.422969141987555	-0.295051196200939
coreness_n	0.119417187291197	-0.215698910844319	-0.215698910844319	0.119417187291197	0.957207432629988	-0.550815008979835	0.119417187291197	0.789649383562229	0.454533285426713	-0.0481408617765611	-0.550815008979835	0.622091334494471	0.119417187291197	1.2923235307655	0.622091334494471	-0.215698910844319	-0.550815008979835	-0.550815008979835	-0.0481408617765611
hub_score_n	-0.168253020710228	-0.145523285005723	-0.135912727197949	-0.138048707162591	0.186756221265639	-0.176975037687087	-0.158963545004435	-0.0591178613301242	-0.158977504391139	-0.172609620466191	-0.176566742112191	-0.0385525275850244	-0.151876027996297	0.38042208946669	0.522079568247158	-0.106641325141827	-0.176759082831862	-0.176966819467601	-0.150581640567702
eccentricity_n	0.186549824460118	0.186549824460118	0.186549824460118	-0.576962892462901	-0.576962892462901	0.950062541383136	0.186549824460118	0.186549824460118	0.186549824460118	0.186549824460118	0.950062541383136	-0.576962892462901	-0.576962892462901	-0.576962892462901	-0.576962892462901	0.186549824460118	0.186549824460118	0.950062541383136	0.186549824460118
subgraph_centrality_n	-0.0942206083204175	-0.0941365297124376	-0.0940614413836336	-0.0940877470246309	-0.0812477203338126	-0.0942277777199704	-0.0941975678811303	-0.0929607707007948	-0.0941977710396305	-0.0942259201585446	-0.0942277510269179	-0.0923802744790806	-0.0941695957838073	-0.0635073888966601	-0.0497597186600199	-0.0937311865324946	-0.0942277675496871	-0.0942277774782725	-0.0941636970364674
pc_n	0.859136999262311	1.23165059735059	1.32667957645474	-0.126471895679589	1.2477627771987	-1.09655939070115	1.05919059823565	1.29567637202201	1.09696076333107	1.23165059735059	0.455580601333342	0.998829598545415	1.04159263914228	0.597213375606491	1.07643659814714	0.213058727577955	0.455580601333342	0.455580601333342	1.04159263914228
gilschmidt_n	-0.00628737721009996	0.0285573126296585	-0.0512570669036606	0.0523653511242337	0.154080622573621	-0.548206718580063	-0.0392532619685197	0.188600566091973	0.07201073222615	-0.140120650295108	-0.481662457819492	0.107510819187282	0.0436007431332253	0.168541871490068	0.347608174012933	-0.107323633623827	-0.397916089189736	-0.508506972827232	-0.121891163154551
